2023/01/21-21:00:56.964102 7f299ae40ac0 RocksDB version: 6.17.0
2023/01/21-21:00:56.964134 7f299ae40ac0 Git sha 0
2023/01/21-21:00:56.964153 7f299ae40ac0 DB SUMMARY
2023/01/21-21:00:56.964153 7f299ae40ac0 DB Session ID:  9WE9VSAUMCMTY3WQX9UZ
2023/01/21-21:00:56.964158 7f299ae40ac0 SST files in /home/lennin/dao_bootcamp/core-project-starter/.dfx/network/local/state/replicated_state/node-100/ic_consensus_pool/certification dir, Total Num: 0, files: 
2023/01/21-21:00:56.964159 7f299ae40ac0 Write Ahead Log file in /home/lennin/dao_bootcamp/core-project-starter/.dfx/network/local/state/replicated_state/node-100/ic_consensus_pool/certification: 
2023/01/21-21:00:56.964159 7f299ae40ac0                         Options.error_if_exists: 0
2023/01/21-21:00:56.964160 7f299ae40ac0                       Options.create_if_missing: 1
2023/01/21-21:00:56.964161 7f299ae40ac0                         Options.paranoid_checks: 1
2023/01/21-21:00:56.964161 7f299ae40ac0                               Options.track_and_verify_wals_in_manifest: 0
2023/01/21-21:00:56.964161 7f299ae40ac0                                     Options.env: 0x559c10f1a9c0
2023/01/21-21:00:56.964162 7f299ae40ac0                                      Options.fs: Posix File System
2023/01/21-21:00:56.964162 7f299ae40ac0                                Options.info_log: 0x559c56a0ead0
2023/01/21-21:00:56.964163 7f299ae40ac0                Options.max_file_opening_threads: 16
2023/01/21-21:00:56.964163 7f299ae40ac0                              Options.statistics: (nil)
2023/01/21-21:00:56.964164 7f299ae40ac0                               Options.use_fsync: 1
2023/01/21-21:00:56.964164 7f299ae40ac0                       Options.max_log_file_size: 0
2023/01/21-21:00:56.964165 7f299ae40ac0                  Options.max_manifest_file_size: 1073741824
2023/01/21-21:00:56.964165 7f299ae40ac0                   Options.log_file_time_to_roll: 0
2023/01/21-21:00:56.964165 7f299ae40ac0                       Options.keep_log_file_num: 1000
2023/01/21-21:00:56.964166 7f299ae40ac0                    Options.recycle_log_file_num: 0
2023/01/21-21:00:56.964166 7f299ae40ac0                         Options.allow_fallocate: 1
2023/01/21-21:00:56.964167 7f299ae40ac0                        Options.allow_mmap_reads: 0
2023/01/21-21:00:56.964167 7f299ae40ac0                       Options.allow_mmap_writes: 0
2023/01/21-21:00:56.964167 7f299ae40ac0                        Options.use_direct_reads: 0
2023/01/21-21:00:56.964168 7f299ae40ac0                        Options.use_direct_io_for_flush_and_compaction: 0
2023/01/21-21:00:56.964168 7f299ae40ac0          Options.create_missing_column_families: 1
2023/01/21-21:00:56.964169 7f299ae40ac0                              Options.db_log_dir: 
2023/01/21-21:00:56.964169 7f299ae40ac0                                 Options.wal_dir: /home/lennin/dao_bootcamp/core-project-starter/.dfx/network/local/state/replicated_state/node-100/ic_consensus_pool/certification
2023/01/21-21:00:56.964169 7f299ae40ac0                Options.table_cache_numshardbits: 6
2023/01/21-21:00:56.964170 7f299ae40ac0                         Options.WAL_ttl_seconds: 0
2023/01/21-21:00:56.964170 7f299ae40ac0                       Options.WAL_size_limit_MB: 0
2023/01/21-21:00:56.964171 7f299ae40ac0                        Options.max_write_batch_group_size_bytes: 1048576
2023/01/21-21:00:56.964171 7f299ae40ac0             Options.manifest_preallocation_size: 4194304
2023/01/21-21:00:56.964171 7f299ae40ac0                     Options.is_fd_close_on_exec: 1
2023/01/21-21:00:56.964172 7f299ae40ac0                   Options.advise_random_on_open: 1
2023/01/21-21:00:56.964172 7f299ae40ac0                    Options.db_write_buffer_size: 0
2023/01/21-21:00:56.964173 7f299ae40ac0                    Options.write_buffer_manager: 0x559c56a74e60
2023/01/21-21:00:56.964173 7f299ae40ac0         Options.access_hint_on_compaction_start: 1
2023/01/21-21:00:56.964173 7f299ae40ac0  Options.new_table_reader_for_compaction_inputs: 0
2023/01/21-21:00:56.964174 7f299ae40ac0           Options.random_access_max_buffer_size: 1048576
2023/01/21-21:00:56.964174 7f299ae40ac0                      Options.use_adaptive_mutex: 0
2023/01/21-21:00:56.964178 7f299ae40ac0                            Options.rate_limiter: (nil)
2023/01/21-21:00:56.964178 7f299ae40ac0     Options.sst_file_manager.rate_bytes_per_sec: 0
2023/01/21-21:00:56.964179 7f299ae40ac0                       Options.wal_recovery_mode: 2
2023/01/21-21:00:56.964179 7f299ae40ac0                  Options.enable_thread_tracking: 0
2023/01/21-21:00:56.964180 7f299ae40ac0                  Options.enable_pipelined_write: 0
2023/01/21-21:00:56.964180 7f299ae40ac0                  Options.unordered_write: 0
2023/01/21-21:00:56.964180 7f299ae40ac0         Options.allow_concurrent_memtable_write: 1
2023/01/21-21:00:56.964181 7f299ae40ac0      Options.enable_write_thread_adaptive_yield: 1
2023/01/21-21:00:56.964181 7f299ae40ac0             Options.write_thread_max_yield_usec: 100
2023/01/21-21:00:56.964182 7f299ae40ac0            Options.write_thread_slow_yield_usec: 3
2023/01/21-21:00:56.964182 7f299ae40ac0                               Options.row_cache: None
2023/01/21-21:00:56.964182 7f299ae40ac0                              Options.wal_filter: None
2023/01/21-21:00:56.964183 7f299ae40ac0             Options.avoid_flush_during_recovery: 0
2023/01/21-21:00:56.964183 7f299ae40ac0             Options.allow_ingest_behind: 0
2023/01/21-21:00:56.964184 7f299ae40ac0             Options.preserve_deletes: 0
2023/01/21-21:00:56.964184 7f299ae40ac0             Options.two_write_queues: 0
2023/01/21-21:00:56.964184 7f299ae40ac0             Options.manual_wal_flush: 0
2023/01/21-21:00:56.964185 7f299ae40ac0             Options.atomic_flush: 0
2023/01/21-21:00:56.964185 7f299ae40ac0             Options.avoid_unnecessary_blocking_io: 0
2023/01/21-21:00:56.964186 7f299ae40ac0                 Options.persist_stats_to_disk: 0
2023/01/21-21:00:56.964186 7f299ae40ac0                 Options.write_dbid_to_manifest: 0
2023/01/21-21:00:56.964186 7f299ae40ac0                 Options.log_readahead_size: 0
2023/01/21-21:00:56.964187 7f299ae40ac0                 Options.file_checksum_gen_factory: Unknown
2023/01/21-21:00:56.964187 7f299ae40ac0                 Options.best_efforts_recovery: 0
2023/01/21-21:00:56.964188 7f299ae40ac0                Options.max_bgerror_resume_count: 2147483647
2023/01/21-21:00:56.964188 7f299ae40ac0            Options.bgerror_resume_retry_interval: 1000000
2023/01/21-21:00:56.964188 7f299ae40ac0             Options.allow_data_in_errors: 0
2023/01/21-21:00:56.964189 7f299ae40ac0             Options.db_host_id: __hostname__
2023/01/21-21:00:56.964189 7f299ae40ac0             Options.max_background_jobs: 2
2023/01/21-21:00:56.964190 7f299ae40ac0             Options.max_background_compactions: -1
2023/01/21-21:00:56.964190 7f299ae40ac0             Options.max_subcompactions: 1
2023/01/21-21:00:56.964191 7f299ae40ac0             Options.avoid_flush_during_shutdown: 0
2023/01/21-21:00:56.964191 7f299ae40ac0           Options.writable_file_max_buffer_size: 1048576
2023/01/21-21:00:56.964191 7f299ae40ac0             Options.delayed_write_rate : 16777216
2023/01/21-21:00:56.964192 7f299ae40ac0             Options.max_total_wal_size: 0
2023/01/21-21:00:56.964192 7f299ae40ac0             Options.delete_obsolete_files_period_micros: 21600000000
2023/01/21-21:00:56.964193 7f299ae40ac0                   Options.stats_dump_period_sec: 600
2023/01/21-21:00:56.964193 7f299ae40ac0                 Options.stats_persist_period_sec: 600
2023/01/21-21:00:56.964193 7f299ae40ac0                 Options.stats_history_buffer_size: 1048576
2023/01/21-21:00:56.964194 7f299ae40ac0                          Options.max_open_files: -1
2023/01/21-21:00:56.964194 7f299ae40ac0                          Options.bytes_per_sync: 0
2023/01/21-21:00:56.964195 7f299ae40ac0                      Options.wal_bytes_per_sync: 0
2023/01/21-21:00:56.964195 7f299ae40ac0                   Options.strict_bytes_per_sync: 0
2023/01/21-21:00:56.964195 7f299ae40ac0       Options.compaction_readahead_size: 0
2023/01/21-21:00:56.964196 7f299ae40ac0                  Options.max_background_flushes: -1
2023/01/21-21:00:56.964196 7f299ae40ac0 Compression algorithms supported:
2023/01/21-21:00:56.964199 7f299ae40ac0 	kZSTDNotFinalCompression supported: 1
2023/01/21-21:00:56.964200 7f299ae40ac0 	kZSTD supported: 1
2023/01/21-21:00:56.964201 7f299ae40ac0 	kXpressCompression supported: 0
2023/01/21-21:00:56.964201 7f299ae40ac0 	kLZ4HCCompression supported: 1
2023/01/21-21:00:56.964202 7f299ae40ac0 	kLZ4Compression supported: 1
2023/01/21-21:00:56.964202 7f299ae40ac0 	kBZip2Compression supported: 1
2023/01/21-21:00:56.964202 7f299ae40ac0 	kZlibCompression supported: 1
2023/01/21-21:00:56.964203 7f299ae40ac0 	kSnappyCompression supported: 1
2023/01/21-21:00:56.964205 7f299ae40ac0 Fast CRC32 supported: Supported on x86
2023/01/21-21:00:56.965861 7f299ae40ac0 [db/db_impl/db_impl_open.cc:283] Creating manifest 1 
2023/01/21-21:00:56.971280 7f299ae40ac0 [db/version_set.cc:4758] Recovering from manifest file: /home/lennin/dao_bootcamp/core-project-starter/.dfx/network/local/state/replicated_state/node-100/ic_consensus_pool/certification/MANIFEST-000001
2023/01/21-21:00:56.971327 7f299ae40ac0 [db/column_family.cc:595] --------------- Options for column family [default]:
2023/01/21-21:00:56.971329 7f299ae40ac0               Options.comparator: leveldb.BytewiseComparator
2023/01/21-21:00:56.971329 7f299ae40ac0           Options.merge_operator: None
2023/01/21-21:00:56.971330 7f299ae40ac0        Options.compaction_filter: None
2023/01/21-21:00:56.971330 7f299ae40ac0        Options.compaction_filter_factory: None
2023/01/21-21:00:56.971331 7f299ae40ac0  Options.sst_partitioner_factory: None
2023/01/21-21:00:56.971331 7f299ae40ac0         Options.memtable_factory: SkipListFactory
2023/01/21-21:00:56.971331 7f299ae40ac0            Options.table_factory: BlockBasedTable
2023/01/21-21:00:56.971345 7f299ae40ac0            table_factory options:   flush_block_policy_factory: FlushBlockBySizePolicyFactory (0x559c56b069e0)
  cache_index_and_filter_blocks: 0
  cache_index_and_filter_blocks_with_high_priority: 1
  pin_l0_filter_and_index_blocks_in_cache: 0
  pin_top_level_index_and_filter: 1
  index_type: 0
  data_block_index_type: 0
  index_shortening: 1
  data_block_hash_table_util_ratio: 0.750000
  hash_index_allow_collision: 1
  checksum: 1
  no_block_cache: 0
  block_cache: 0x559c56a428c0
  block_cache_name: LRUCache
  block_cache_options:
    capacity : 8388608
    num_shard_bits : 4
    strict_capacity_limit : 0
    memory_allocator : None
    high_pri_pool_ratio: 0.000
  block_cache_compressed: (nil)
  persistent_cache: (nil)
  block_size: 4096
  block_size_deviation: 10
  block_restart_interval: 16
  index_block_restart_interval: 1
  metadata_block_size: 4096
  partition_filters: 0
  use_delta_encoding: 1
  filter_policy: nullptr
  whole_key_filtering: 1
  verify_compression: 0
  read_amp_bytes_per_bit: 0
  format_version: 4
  enable_index_compression: 1
  block_align: 0
2023/01/21-21:00:56.971346 7f299ae40ac0        Options.write_buffer_size: 67108864
2023/01/21-21:00:56.971346 7f299ae40ac0  Options.max_write_buffer_number: 2
2023/01/21-21:00:56.971347 7f299ae40ac0          Options.compression: Snappy
2023/01/21-21:00:56.971347 7f299ae40ac0                  Options.bottommost_compression: Disabled
2023/01/21-21:00:56.971348 7f299ae40ac0       Options.prefix_extractor: nullptr
2023/01/21-21:00:56.971348 7f299ae40ac0   Options.memtable_insert_with_hint_prefix_extractor: nullptr
2023/01/21-21:00:56.971348 7f299ae40ac0             Options.num_levels: 7
2023/01/21-21:00:56.971349 7f299ae40ac0        Options.min_write_buffer_number_to_merge: 1
2023/01/21-21:00:56.971349 7f299ae40ac0     Options.max_write_buffer_number_to_maintain: 0
2023/01/21-21:00:56.971350 7f299ae40ac0     Options.max_write_buffer_size_to_maintain: 0
2023/01/21-21:00:56.971350 7f299ae40ac0            Options.bottommost_compression_opts.window_bits: -14
2023/01/21-21:00:56.971350 7f299ae40ac0                  Options.bottommost_compression_opts.level: 32767
2023/01/21-21:00:56.971351 7f299ae40ac0               Options.bottommost_compression_opts.strategy: 0
2023/01/21-21:00:56.971351 7f299ae40ac0         Options.bottommost_compression_opts.max_dict_bytes: 0
2023/01/21-21:00:56.971360 7f299ae40ac0         Options.bottommost_compression_opts.zstd_max_train_bytes: 0
2023/01/21-21:00:56.971361 7f299ae40ac0         Options.bottommost_compression_opts.parallel_threads: 1
2023/01/21-21:00:56.971361 7f299ae40ac0                  Options.bottommost_compression_opts.enabled: false
2023/01/21-21:00:56.971362 7f299ae40ac0            Options.compression_opts.window_bits: -14
2023/01/21-21:00:56.971362 7f299ae40ac0                  Options.compression_opts.level: 32767
2023/01/21-21:00:56.971362 7f299ae40ac0               Options.compression_opts.strategy: 0
2023/01/21-21:00:56.971363 7f299ae40ac0         Options.compression_opts.max_dict_bytes: 0
2023/01/21-21:00:56.971363 7f299ae40ac0         Options.compression_opts.zstd_max_train_bytes: 0
2023/01/21-21:00:56.971364 7f299ae40ac0         Options.compression_opts.parallel_threads: 1
2023/01/21-21:00:56.971364 7f299ae40ac0                  Options.compression_opts.enabled: false
2023/01/21-21:00:56.971364 7f299ae40ac0      Options.level0_file_num_compaction_trigger: 4
2023/01/21-21:00:56.971365 7f299ae40ac0          Options.level0_slowdown_writes_trigger: 20
2023/01/21-21:00:56.971365 7f299ae40ac0              Options.level0_stop_writes_trigger: 36
2023/01/21-21:00:56.971365 7f299ae40ac0                   Options.target_file_size_base: 67108864
2023/01/21-21:00:56.971366 7f299ae40ac0             Options.target_file_size_multiplier: 1
2023/01/21-21:00:56.971366 7f299ae40ac0                Options.max_bytes_for_level_base: 268435456
2023/01/21-21:00:56.971367 7f299ae40ac0 Options.level_compaction_dynamic_level_bytes: 0
2023/01/21-21:00:56.971367 7f299ae40ac0          Options.max_bytes_for_level_multiplier: 10.000000
2023/01/21-21:00:56.971368 7f299ae40ac0 Options.max_bytes_for_level_multiplier_addtl[0]: 1
2023/01/21-21:00:56.971369 7f299ae40ac0 Options.max_bytes_for_level_multiplier_addtl[1]: 1
2023/01/21-21:00:56.971369 7f299ae40ac0 Options.max_bytes_for_level_multiplier_addtl[2]: 1
2023/01/21-21:00:56.971369 7f299ae40ac0 Options.max_bytes_for_level_multiplier_addtl[3]: 1
2023/01/21-21:00:56.971370 7f299ae40ac0 Options.max_bytes_for_level_multiplier_addtl[4]: 1
2023/01/21-21:00:56.971370 7f299ae40ac0 Options.max_bytes_for_level_multiplier_addtl[5]: 1
2023/01/21-21:00:56.971371 7f299ae40ac0 Options.max_bytes_for_level_multiplier_addtl[6]: 1
2023/01/21-21:00:56.971371 7f299ae40ac0       Options.max_sequential_skip_in_iterations: 8
2023/01/21-21:00:56.971371 7f299ae40ac0                    Options.max_compaction_bytes: 1677721600
2023/01/21-21:00:56.971372 7f299ae40ac0                        Options.arena_block_size: 8388608
2023/01/21-21:00:56.971372 7f299ae40ac0   Options.soft_pending_compaction_bytes_limit: 68719476736
2023/01/21-21:00:56.971373 7f299ae40ac0   Options.hard_pending_compaction_bytes_limit: 274877906944
2023/01/21-21:00:56.971373 7f299ae40ac0       Options.rate_limit_delay_max_milliseconds: 100
2023/01/21-21:00:56.971373 7f299ae40ac0                Options.disable_auto_compactions: 0
2023/01/21-21:00:56.971374 7f299ae40ac0                        Options.compaction_style: kCompactionStyleLevel
2023/01/21-21:00:56.971375 7f299ae40ac0                          Options.compaction_pri: kMinOverlappingRatio
2023/01/21-21:00:56.971375 7f299ae40ac0 Options.compaction_options_universal.size_ratio: 1
2023/01/21-21:00:56.971376 7f299ae40ac0 Options.compaction_options_universal.min_merge_width: 2
2023/01/21-21:00:56.971376 7f299ae40ac0 Options.compaction_options_universal.max_merge_width: 4294967295
2023/01/21-21:00:56.971377 7f299ae40ac0 Options.compaction_options_universal.max_size_amplification_percent: 200
2023/01/21-21:00:56.971377 7f299ae40ac0 Options.compaction_options_universal.compression_size_percent: -1
2023/01/21-21:00:56.971378 7f299ae40ac0 Options.compaction_options_universal.stop_style: kCompactionStopStyleTotalSize
2023/01/21-21:00:56.971378 7f299ae40ac0 Options.compaction_options_fifo.max_table_files_size: 1073741824
2023/01/21-21:00:56.971379 7f299ae40ac0 Options.compaction_options_fifo.allow_compaction: 0
2023/01/21-21:00:56.971383 7f299ae40ac0                   Options.table_properties_collectors: 
2023/01/21-21:00:56.971384 7f299ae40ac0                   Options.inplace_update_support: 0
2023/01/21-21:00:56.971384 7f299ae40ac0                 Options.inplace_update_num_locks: 10000
2023/01/21-21:00:56.971385 7f299ae40ac0               Options.memtable_prefix_bloom_size_ratio: 0.000000
2023/01/21-21:00:56.971385 7f299ae40ac0               Options.memtable_whole_key_filtering: 0
2023/01/21-21:00:56.971386 7f299ae40ac0   Options.memtable_huge_page_size: 0
2023/01/21-21:00:56.971386 7f299ae40ac0                           Options.bloom_locality: 0
2023/01/21-21:00:56.971386 7f299ae40ac0                    Options.max_successive_merges: 0
2023/01/21-21:00:56.971387 7f299ae40ac0                Options.optimize_filters_for_hits: 0
2023/01/21-21:00:56.971387 7f299ae40ac0                Options.paranoid_file_checks: 0
2023/01/21-21:00:56.971388 7f299ae40ac0                Options.force_consistency_checks: 1
2023/01/21-21:00:56.971388 7f299ae40ac0                Options.report_bg_io_stats: 0
2023/01/21-21:00:56.971389 7f299ae40ac0                               Options.ttl: 2592000
2023/01/21-21:00:56.971389 7f299ae40ac0          Options.periodic_compaction_seconds: 0
2023/01/21-21:00:56.971389 7f299ae40ac0                    Options.enable_blob_files: false
2023/01/21-21:00:56.971390 7f299ae40ac0                        Options.min_blob_size: 0
2023/01/21-21:00:56.971390 7f299ae40ac0                       Options.blob_file_size: 268435456
2023/01/21-21:00:56.971391 7f299ae40ac0                Options.blob_compression_type: NoCompression
2023/01/21-21:00:56.971391 7f299ae40ac0       Options.enable_blob_garbage_collection: false
2023/01/21-21:00:56.971392 7f299ae40ac0   Options.blob_garbage_collection_age_cutoff: 0.250000
2023/01/21-21:00:56.972362 7f299ae40ac0 [db/version_set.cc:4798] Recovered from manifest file:/home/lennin/dao_bootcamp/core-project-starter/.dfx/network/local/state/replicated_state/node-100/ic_consensus_pool/certification/MANIFEST-000001 succeeded,manifest_file_number is 1, next_file_number is 3, last_sequence is 0, log_number is 0,prev_log_number is 0,max_column_family is 0,min_log_number_to_keep is 0
2023/01/21-21:00:56.972365 7f299ae40ac0 [db/version_set.cc:4813] Column family [default] (ID 0), log number is 0
2023/01/21-21:00:56.972395 7f299ae40ac0 [db/version_set.cc:4112] Creating manifest 3
2023/01/21-21:00:56.978652 7f299ae40ac0 [db/column_family.cc:595] --------------- Options for column family [CE]:
2023/01/21-21:00:56.978656 7f299ae40ac0               Options.comparator: leveldb.BytewiseComparator
2023/01/21-21:00:56.978657 7f299ae40ac0           Options.merge_operator: None
2023/01/21-21:00:56.978659 7f299ae40ac0        Options.compaction_filter: filter_outdated
2023/01/21-21:00:56.978659 7f299ae40ac0        Options.compaction_filter_factory: None
2023/01/21-21:00:56.978660 7f299ae40ac0  Options.sst_partitioner_factory: None
2023/01/21-21:00:56.978660 7f299ae40ac0         Options.memtable_factory: SkipListFactory
2023/01/21-21:00:56.978661 7f299ae40ac0            Options.table_factory: BlockBasedTable
2023/01/21-21:00:56.978677 7f299ae40ac0            table_factory options:   flush_block_policy_factory: FlushBlockBySizePolicyFactory (0x559c56a7cee0)
  cache_index_and_filter_blocks: 0
  cache_index_and_filter_blocks_with_high_priority: 1
  pin_l0_filter_and_index_blocks_in_cache: 0
  pin_top_level_index_and_filter: 1
  index_type: 0
  data_block_index_type: 0
  index_shortening: 1
  data_block_hash_table_util_ratio: 0.750000
  hash_index_allow_collision: 1
  checksum: 1
  no_block_cache: 0
  block_cache: 0x559c569edbb0
  block_cache_name: LRUCache
  block_cache_options:
    capacity : 8388608
    num_shard_bits : 4
    strict_capacity_limit : 0
    memory_allocator : None
    high_pri_pool_ratio: 0.000
  block_cache_compressed: (nil)
  persistent_cache: (nil)
  block_size: 4096
  block_size_deviation: 10
  block_restart_interval: 16
  index_block_restart_interval: 1
  metadata_block_size: 4096
  partition_filters: 0
  use_delta_encoding: 1
  filter_policy: nullptr
  whole_key_filtering: 1
  verify_compression: 0
  read_amp_bytes_per_bit: 0
  format_version: 4
  enable_index_compression: 1
  block_align: 0
2023/01/21-21:00:56.978677 7f299ae40ac0        Options.write_buffer_size: 67108864
2023/01/21-21:00:56.978678 7f299ae40ac0  Options.max_write_buffer_number: 2
2023/01/21-21:00:56.978678 7f299ae40ac0          Options.compression: NoCompression
2023/01/21-21:00:56.978679 7f299ae40ac0                  Options.bottommost_compression: Disabled
2023/01/21-21:00:56.978679 7f299ae40ac0       Options.prefix_extractor: nullptr
2023/01/21-21:00:56.978680 7f299ae40ac0   Options.memtable_insert_with_hint_prefix_extractor: nullptr
2023/01/21-21:00:56.978680 7f299ae40ac0             Options.num_levels: 7
2023/01/21-21:00:56.978681 7f299ae40ac0        Options.min_write_buffer_number_to_merge: 1
2023/01/21-21:00:56.978681 7f299ae40ac0     Options.max_write_buffer_number_to_maintain: 0
2023/01/21-21:00:56.978682 7f299ae40ac0     Options.max_write_buffer_size_to_maintain: 0
2023/01/21-21:00:56.978682 7f299ae40ac0            Options.bottommost_compression_opts.window_bits: -14
2023/01/21-21:00:56.978683 7f299ae40ac0                  Options.bottommost_compression_opts.level: 32767
2023/01/21-21:00:56.978683 7f299ae40ac0               Options.bottommost_compression_opts.strategy: 0
2023/01/21-21:00:56.978684 7f299ae40ac0         Options.bottommost_compression_opts.max_dict_bytes: 0
2023/01/21-21:00:56.978684 7f299ae40ac0         Options.bottommost_compression_opts.zstd_max_train_bytes: 0
2023/01/21-21:00:56.978684 7f299ae40ac0         Options.bottommost_compression_opts.parallel_threads: 1
2023/01/21-21:00:56.978685 7f299ae40ac0                  Options.bottommost_compression_opts.enabled: false
2023/01/21-21:00:56.978685 7f299ae40ac0            Options.compression_opts.window_bits: -14
2023/01/21-21:00:56.978686 7f299ae40ac0                  Options.compression_opts.level: 32767
2023/01/21-21:00:56.978686 7f299ae40ac0               Options.compression_opts.strategy: 0
2023/01/21-21:00:56.978687 7f299ae40ac0         Options.compression_opts.max_dict_bytes: 0
2023/01/21-21:00:56.978687 7f299ae40ac0         Options.compression_opts.zstd_max_train_bytes: 0
2023/01/21-21:00:56.978688 7f299ae40ac0         Options.compression_opts.parallel_threads: 1
2023/01/21-21:00:56.978688 7f299ae40ac0                  Options.compression_opts.enabled: false
2023/01/21-21:00:56.978697 7f299ae40ac0      Options.level0_file_num_compaction_trigger: 4
2023/01/21-21:00:56.978697 7f299ae40ac0          Options.level0_slowdown_writes_trigger: 20
2023/01/21-21:00:56.978698 7f299ae40ac0              Options.level0_stop_writes_trigger: 36
2023/01/21-21:00:56.978698 7f299ae40ac0                   Options.target_file_size_base: 67108864
2023/01/21-21:00:56.978698 7f299ae40ac0             Options.target_file_size_multiplier: 1
2023/01/21-21:00:56.978699 7f299ae40ac0                Options.max_bytes_for_level_base: 268435456
2023/01/21-21:00:56.978699 7f299ae40ac0 Options.level_compaction_dynamic_level_bytes: 0
2023/01/21-21:00:56.978700 7f299ae40ac0          Options.max_bytes_for_level_multiplier: 10.000000
2023/01/21-21:00:56.978701 7f299ae40ac0 Options.max_bytes_for_level_multiplier_addtl[0]: 1
2023/01/21-21:00:56.978702 7f299ae40ac0 Options.max_bytes_for_level_multiplier_addtl[1]: 1
2023/01/21-21:00:56.978702 7f299ae40ac0 Options.max_bytes_for_level_multiplier_addtl[2]: 1
2023/01/21-21:00:56.978703 7f299ae40ac0 Options.max_bytes_for_level_multiplier_addtl[3]: 1
2023/01/21-21:00:56.978703 7f299ae40ac0 Options.max_bytes_for_level_multiplier_addtl[4]: 1
2023/01/21-21:00:56.978704 7f299ae40ac0 Options.max_bytes_for_level_multiplier_addtl[5]: 1
2023/01/21-21:00:56.978704 7f299ae40ac0 Options.max_bytes_for_level_multiplier_addtl[6]: 1
2023/01/21-21:00:56.978705 7f299ae40ac0       Options.max_sequential_skip_in_iterations: 8
2023/01/21-21:00:56.978705 7f299ae40ac0                    Options.max_compaction_bytes: 1677721600
2023/01/21-21:00:56.978705 7f299ae40ac0                        Options.arena_block_size: 8388608
2023/01/21-21:00:56.978706 7f299ae40ac0   Options.soft_pending_compaction_bytes_limit: 68719476736
2023/01/21-21:00:56.978706 7f299ae40ac0   Options.hard_pending_compaction_bytes_limit: 274877906944
2023/01/21-21:00:56.978707 7f299ae40ac0       Options.rate_limit_delay_max_milliseconds: 100
2023/01/21-21:00:56.978707 7f299ae40ac0                Options.disable_auto_compactions: 1
2023/01/21-21:00:56.978709 7f299ae40ac0                        Options.compaction_style: kCompactionStyleLevel
2023/01/21-21:00:56.978709 7f299ae40ac0                          Options.compaction_pri: kMinOverlappingRatio
2023/01/21-21:00:56.978710 7f299ae40ac0 Options.compaction_options_universal.size_ratio: 1
2023/01/21-21:00:56.978710 7f299ae40ac0 Options.compaction_options_universal.min_merge_width: 2
2023/01/21-21:00:56.978711 7f299ae40ac0 Options.compaction_options_universal.max_merge_width: 4294967295
2023/01/21-21:00:56.978711 7f299ae40ac0 Options.compaction_options_universal.max_size_amplification_percent: 200
2023/01/21-21:00:56.978712 7f299ae40ac0 Options.compaction_options_universal.compression_size_percent: -1
2023/01/21-21:00:56.978713 7f299ae40ac0 Options.compaction_options_universal.stop_style: kCompactionStopStyleTotalSize
2023/01/21-21:00:56.978713 7f299ae40ac0 Options.compaction_options_fifo.max_table_files_size: 1073741824
2023/01/21-21:00:56.978714 7f299ae40ac0 Options.compaction_options_fifo.allow_compaction: 0
2023/01/21-21:00:56.978717 7f299ae40ac0                   Options.table_properties_collectors: 
2023/01/21-21:00:56.978717 7f299ae40ac0                   Options.inplace_update_support: 0
2023/01/21-21:00:56.978718 7f299ae40ac0                 Options.inplace_update_num_locks: 10000
2023/01/21-21:00:56.978718 7f299ae40ac0               Options.memtable_prefix_bloom_size_ratio: 0.000000
2023/01/21-21:00:56.978719 7f299ae40ac0               Options.memtable_whole_key_filtering: 0
2023/01/21-21:00:56.978719 7f299ae40ac0   Options.memtable_huge_page_size: 0
2023/01/21-21:00:56.978720 7f299ae40ac0                           Options.bloom_locality: 0
2023/01/21-21:00:56.978720 7f299ae40ac0                    Options.max_successive_merges: 0
2023/01/21-21:00:56.978721 7f299ae40ac0                Options.optimize_filters_for_hits: 0
2023/01/21-21:00:56.978721 7f299ae40ac0                Options.paranoid_file_checks: 0
2023/01/21-21:00:56.978722 7f299ae40ac0                Options.force_consistency_checks: 1
2023/01/21-21:00:56.978724 7f299ae40ac0                Options.report_bg_io_stats: 0
2023/01/21-21:00:56.978725 7f299ae40ac0                               Options.ttl: 2592000
2023/01/21-21:00:56.978725 7f299ae40ac0          Options.periodic_compaction_seconds: 2592000
2023/01/21-21:00:56.978726 7f299ae40ac0                    Options.enable_blob_files: false
2023/01/21-21:00:56.978726 7f299ae40ac0                        Options.min_blob_size: 0
2023/01/21-21:00:56.978727 7f299ae40ac0                       Options.blob_file_size: 268435456
2023/01/21-21:00:56.978727 7f299ae40ac0                Options.blob_compression_type: NoCompression
2023/01/21-21:00:56.978727 7f299ae40ac0       Options.enable_blob_garbage_collection: false
2023/01/21-21:00:56.978728 7f299ae40ac0   Options.blob_garbage_collection_age_cutoff: 0.250000
2023/01/21-21:00:56.978750 7f299ae40ac0 [db/db_impl/db_impl.cc:2654] Created column family [CE] (ID 1)
2023/01/21-21:00:56.981731 7f299ae40ac0 [db/column_family.cc:595] --------------- Options for column family [CES]:
2023/01/21-21:00:56.981734 7f299ae40ac0               Options.comparator: leveldb.BytewiseComparator
2023/01/21-21:00:56.981735 7f299ae40ac0           Options.merge_operator: None
2023/01/21-21:00:56.981736 7f299ae40ac0        Options.compaction_filter: filter_outdated
2023/01/21-21:00:56.981737 7f299ae40ac0        Options.compaction_filter_factory: None
2023/01/21-21:00:56.981737 7f299ae40ac0  Options.sst_partitioner_factory: None
2023/01/21-21:00:56.981738 7f299ae40ac0         Options.memtable_factory: SkipListFactory
2023/01/21-21:00:56.981739 7f299ae40ac0            Options.table_factory: BlockBasedTable
2023/01/21-21:00:56.981778 7f299ae40ac0            table_factory options:   flush_block_policy_factory: FlushBlockBySizePolicyFactory (0x559c56936330)
  cache_index_and_filter_blocks: 0
  cache_index_and_filter_blocks_with_high_priority: 1
  pin_l0_filter_and_index_blocks_in_cache: 0
  pin_top_level_index_and_filter: 1
  index_type: 0
  data_block_index_type: 0
  index_shortening: 1
  data_block_hash_table_util_ratio: 0.750000
  hash_index_allow_collision: 1
  checksum: 1
  no_block_cache: 0
  block_cache: 0x559c56a74f10
  block_cache_name: LRUCache
  block_cache_options:
    capacity : 8388608
    num_shard_bits : 4
    strict_capacity_limit : 0
    memory_allocator : None
    high_pri_pool_ratio: 0.000
  block_cache_compressed: (nil)
  persistent_cache: (nil)
  block_size: 4096
  block_size_deviation: 10
  block_restart_interval: 16
  index_block_restart_interval: 1
  metadata_block_size: 4096
  partition_filters: 0
  use_delta_encoding: 1
  filter_policy: nullptr
  whole_key_filtering: 1
  verify_compression: 0
  read_amp_bytes_per_bit: 0
  format_version: 4
  enable_index_compression: 1
  block_align: 0
2023/01/21-21:00:56.981779 7f299ae40ac0        Options.write_buffer_size: 67108864
2023/01/21-21:00:56.981779 7f299ae40ac0  Options.max_write_buffer_number: 2
2023/01/21-21:00:56.981780 7f299ae40ac0          Options.compression: NoCompression
2023/01/21-21:00:56.981780 7f299ae40ac0                  Options.bottommost_compression: Disabled
2023/01/21-21:00:56.981781 7f299ae40ac0       Options.prefix_extractor: nullptr
2023/01/21-21:00:56.981781 7f299ae40ac0   Options.memtable_insert_with_hint_prefix_extractor: nullptr
2023/01/21-21:00:56.981782 7f299ae40ac0             Options.num_levels: 7
2023/01/21-21:00:56.981782 7f299ae40ac0        Options.min_write_buffer_number_to_merge: 1
2023/01/21-21:00:56.981783 7f299ae40ac0     Options.max_write_buffer_number_to_maintain: 0
2023/01/21-21:00:56.981783 7f299ae40ac0     Options.max_write_buffer_size_to_maintain: 0
2023/01/21-21:00:56.981783 7f299ae40ac0            Options.bottommost_compression_opts.window_bits: -14
2023/01/21-21:00:56.981784 7f299ae40ac0                  Options.bottommost_compression_opts.level: 32767
2023/01/21-21:00:56.981784 7f299ae40ac0               Options.bottommost_compression_opts.strategy: 0
2023/01/21-21:00:56.981785 7f299ae40ac0         Options.bottommost_compression_opts.max_dict_bytes: 0
2023/01/21-21:00:56.981785 7f299ae40ac0         Options.bottommost_compression_opts.zstd_max_train_bytes: 0
2023/01/21-21:00:56.981785 7f299ae40ac0         Options.bottommost_compression_opts.parallel_threads: 1
2023/01/21-21:00:56.981786 7f299ae40ac0                  Options.bottommost_compression_opts.enabled: false
2023/01/21-21:00:56.981786 7f299ae40ac0            Options.compression_opts.window_bits: -14
2023/01/21-21:00:56.981787 7f299ae40ac0                  Options.compression_opts.level: 32767
2023/01/21-21:00:56.981787 7f299ae40ac0               Options.compression_opts.strategy: 0
2023/01/21-21:00:56.981787 7f299ae40ac0         Options.compression_opts.max_dict_bytes: 0
2023/01/21-21:00:56.981788 7f299ae40ac0         Options.compression_opts.zstd_max_train_bytes: 0
2023/01/21-21:00:56.981788 7f299ae40ac0         Options.compression_opts.parallel_threads: 1
2023/01/21-21:00:56.981789 7f299ae40ac0                  Options.compression_opts.enabled: false
2023/01/21-21:00:56.981794 7f299ae40ac0      Options.level0_file_num_compaction_trigger: 4
2023/01/21-21:00:56.981795 7f299ae40ac0          Options.level0_slowdown_writes_trigger: 20
2023/01/21-21:00:56.981795 7f299ae40ac0              Options.level0_stop_writes_trigger: 36
2023/01/21-21:00:56.981795 7f299ae40ac0                   Options.target_file_size_base: 67108864
2023/01/21-21:00:56.981796 7f299ae40ac0             Options.target_file_size_multiplier: 1
2023/01/21-21:00:56.981796 7f299ae40ac0                Options.max_bytes_for_level_base: 268435456
2023/01/21-21:00:56.981797 7f299ae40ac0 Options.level_compaction_dynamic_level_bytes: 0
2023/01/21-21:00:56.981797 7f299ae40ac0          Options.max_bytes_for_level_multiplier: 10.000000
2023/01/21-21:00:56.981798 7f299ae40ac0 Options.max_bytes_for_level_multiplier_addtl[0]: 1
2023/01/21-21:00:56.981799 7f299ae40ac0 Options.max_bytes_for_level_multiplier_addtl[1]: 1
2023/01/21-21:00:56.981799 7f299ae40ac0 Options.max_bytes_for_level_multiplier_addtl[2]: 1
2023/01/21-21:00:56.981800 7f299ae40ac0 Options.max_bytes_for_level_multiplier_addtl[3]: 1
2023/01/21-21:00:56.981800 7f299ae40ac0 Options.max_bytes_for_level_multiplier_addtl[4]: 1
2023/01/21-21:00:56.981801 7f299ae40ac0 Options.max_bytes_for_level_multiplier_addtl[5]: 1
2023/01/21-21:00:56.981801 7f299ae40ac0 Options.max_bytes_for_level_multiplier_addtl[6]: 1
2023/01/21-21:00:56.981801 7f299ae40ac0       Options.max_sequential_skip_in_iterations: 8
2023/01/21-21:00:56.981802 7f299ae40ac0                    Options.max_compaction_bytes: 1677721600
2023/01/21-21:00:56.981802 7f299ae40ac0                        Options.arena_block_size: 8388608
2023/01/21-21:00:56.981803 7f299ae40ac0   Options.soft_pending_compaction_bytes_limit: 68719476736
2023/01/21-21:00:56.981803 7f299ae40ac0   Options.hard_pending_compaction_bytes_limit: 274877906944
2023/01/21-21:00:56.981804 7f299ae40ac0       Options.rate_limit_delay_max_milliseconds: 100
2023/01/21-21:00:56.981804 7f299ae40ac0                Options.disable_auto_compactions: 1
2023/01/21-21:00:56.981805 7f299ae40ac0                        Options.compaction_style: kCompactionStyleLevel
2023/01/21-21:00:56.981805 7f299ae40ac0                          Options.compaction_pri: kMinOverlappingRatio
2023/01/21-21:00:56.981806 7f299ae40ac0 Options.compaction_options_universal.size_ratio: 1
2023/01/21-21:00:56.981806 7f299ae40ac0 Options.compaction_options_universal.min_merge_width: 2
2023/01/21-21:00:56.981807 7f299ae40ac0 Options.compaction_options_universal.max_merge_width: 4294967295
2023/01/21-21:00:56.981807 7f299ae40ac0 Options.compaction_options_universal.max_size_amplification_percent: 200
2023/01/21-21:00:56.981808 7f299ae40ac0 Options.compaction_options_universal.compression_size_percent: -1
2023/01/21-21:00:56.981808 7f299ae40ac0 Options.compaction_options_universal.stop_style: kCompactionStopStyleTotalSize
2023/01/21-21:00:56.981808 7f299ae40ac0 Options.compaction_options_fifo.max_table_files_size: 1073741824
2023/01/21-21:00:56.981809 7f299ae40ac0 Options.compaction_options_fifo.allow_compaction: 0
2023/01/21-21:00:56.981811 7f299ae40ac0                   Options.table_properties_collectors: 
2023/01/21-21:00:56.981811 7f299ae40ac0                   Options.inplace_update_support: 0
2023/01/21-21:00:56.981811 7f299ae40ac0                 Options.inplace_update_num_locks: 10000
2023/01/21-21:00:56.981812 7f299ae40ac0               Options.memtable_prefix_bloom_size_ratio: 0.000000
2023/01/21-21:00:56.981813 7f299ae40ac0               Options.memtable_whole_key_filtering: 0
2023/01/21-21:00:56.981813 7f299ae40ac0   Options.memtable_huge_page_size: 0
2023/01/21-21:00:56.981813 7f299ae40ac0                           Options.bloom_locality: 0
2023/01/21-21:00:56.981814 7f299ae40ac0                    Options.max_successive_merges: 0
2023/01/21-21:00:56.981814 7f299ae40ac0                Options.optimize_filters_for_hits: 0
2023/01/21-21:00:56.981815 7f299ae40ac0                Options.paranoid_file_checks: 0
2023/01/21-21:00:56.981815 7f299ae40ac0                Options.force_consistency_checks: 1
2023/01/21-21:00:56.981818 7f299ae40ac0                Options.report_bg_io_stats: 0
2023/01/21-21:00:56.981818 7f299ae40ac0                               Options.ttl: 2592000
2023/01/21-21:00:56.981819 7f299ae40ac0          Options.periodic_compaction_seconds: 2592000
2023/01/21-21:00:56.981819 7f299ae40ac0                    Options.enable_blob_files: false
2023/01/21-21:00:56.981820 7f299ae40ac0                        Options.min_blob_size: 0
2023/01/21-21:00:56.981820 7f299ae40ac0                       Options.blob_file_size: 268435456
2023/01/21-21:00:56.981821 7f299ae40ac0                Options.blob_compression_type: NoCompression
2023/01/21-21:00:56.981821 7f299ae40ac0       Options.enable_blob_garbage_collection: false
2023/01/21-21:00:56.981821 7f299ae40ac0   Options.blob_garbage_collection_age_cutoff: 0.250000
2023/01/21-21:00:56.981839 7f299ae40ac0 [db/db_impl/db_impl.cc:2654] Created column family [CES] (ID 2)
2023/01/21-21:00:56.986732 7f299ae40ac0 [db/db_impl/db_impl_open.cc:1708] SstFileManager instance 0x559c56a57d10
2023/01/21-21:00:56.986741 7f299ae40ac0 DB pointer 0x559c56b09cc0
2023/01/21-21:00:59.987505 7f293fff7640 [db/db_impl/db_impl.cc:927] ------- DUMPING STATS -------
2023/01/21-21:00:59.987582 7f293fff7640 [db/db_impl/db_impl.cc:929] 
** DB Stats **
Uptime(secs): 3.0 total, 3.0 interval
Cumulative writes: 8 writes, 8 keys, 8 commit groups, 0.9 writes per commit group, ingest: 0.00 GB, 0.00 MB/s
Cumulative WAL: 8 writes, 0 syncs, 8.00 writes per sync, written: 0.00 GB, 0.00 MB/s
Cumulative stall: 00:00:0.000 H:M:S, 0.0 percent
Interval writes: 8 writes, 8 keys, 8 commit groups, 0.9 writes per commit group, ingest: 0.00 MB, 0.00 MB/s
Interval WAL: 8 writes, 0 syncs, 8.00 writes per sync, written: 0.00 MB, 0.00 MB/s
Interval stall: 00:00:0.000 H:M:S, 0.0 percent

** Compaction Stats [default] **
Level    Files   Size     Score Read(GB)  Rn(GB) Rnp1(GB) Write(GB) Wnew(GB) Moved(GB) W-Amp Rd(MB/s) Wr(MB/s) Comp(sec) CompMergeCPU(sec) Comp(cnt) Avg(sec) KeyIn KeyDrop
----------------------------------------------------------------------------------------------------------------------------------------------------------------------------
 Sum      0/0    0.00 KB   0.0      0.0     0.0      0.0       0.0      0.0       0.0   0.0      0.0      0.0      0.00              0.00         0    0.000       0      0
 Int      0/0    0.00 KB   0.0      0.0     0.0      0.0       0.0      0.0       0.0   0.0      0.0      0.0      0.00              0.00         0    0.000       0      0

** Compaction Stats [default] **
Priority    Files   Size     Score Read(GB)  Rn(GB) Rnp1(GB) Write(GB) Wnew(GB) Moved(GB) W-Amp Rd(MB/s) Wr(MB/s) Comp(sec) CompMergeCPU(sec) Comp(cnt) Avg(sec) KeyIn KeyDrop
-------------------------------------------------------------------------------------------------------------------------------------------------------------------------------
Uptime(secs): 3.0 total, 3.0 interval
Flush(GB): cumulative 0.000, interval 0.000
AddFile(GB): cumulative 0.000, interval 0.000
AddFile(Total Files): cumulative 0, interval 0
AddFile(L0 Files): cumulative 0, interval 0
AddFile(Keys): cumulative 0, interval 0
Cumulative compaction: 0.00 GB write, 0.00 MB/s write, 0.00 GB read, 0.00 MB/s read, 0.0 seconds
Interval compaction: 0.00 GB write, 0.00 MB/s write, 0.00 GB read, 0.00 MB/s read, 0.0 seconds
