2023/01/21-21:13:43.262195 7fd5706baac0 RocksDB version: 6.17.0
2023/01/21-21:13:43.262313 7fd5706baac0 Git sha 0
2023/01/21-21:13:43.262337 7fd5706baac0 DB SUMMARY
2023/01/21-21:13:43.262338 7fd5706baac0 DB Session ID:  LVCKQ80KR7ASJ2YAMLUL
2023/01/21-21:13:43.262351 7fd5706baac0 CURRENT file:  CURRENT
2023/01/21-21:13:43.262352 7fd5706baac0 IDENTITY file:  IDENTITY
2023/01/21-21:13:43.262354 7fd5706baac0 MANIFEST file:  MANIFEST-000003 size: 762 Bytes
2023/01/21-21:13:43.262355 7fd5706baac0 SST files in /home/lennin/dao_bootcamp/core-project-starter/.dfx/network/local/state/replicated_state/node-100/ic_consensus_pool/certification dir, Total Num: 2, files: 000013.sst 000016.sst 
2023/01/21-21:13:43.262356 7fd5706baac0 Write Ahead Log file in /home/lennin/dao_bootcamp/core-project-starter/.dfx/network/local/state/replicated_state/node-100/ic_consensus_pool/certification: 000011.log size: 242 ; 000014.log size: 321478 ; 
2023/01/21-21:13:43.262356 7fd5706baac0                         Options.error_if_exists: 0
2023/01/21-21:13:43.262357 7fd5706baac0                       Options.create_if_missing: 1
2023/01/21-21:13:43.262357 7fd5706baac0                         Options.paranoid_checks: 1
2023/01/21-21:13:43.262358 7fd5706baac0                               Options.track_and_verify_wals_in_manifest: 0
2023/01/21-21:13:43.262358 7fd5706baac0                                     Options.env: 0x55a381da59c0
2023/01/21-21:13:43.262359 7fd5706baac0                                      Options.fs: Posix File System
2023/01/21-21:13:43.262359 7fd5706baac0                                Options.info_log: 0x55a3c86df940
2023/01/21-21:13:43.262360 7fd5706baac0                Options.max_file_opening_threads: 16
2023/01/21-21:13:43.262360 7fd5706baac0                              Options.statistics: (nil)
2023/01/21-21:13:43.262361 7fd5706baac0                               Options.use_fsync: 1
2023/01/21-21:13:43.262361 7fd5706baac0                       Options.max_log_file_size: 0
2023/01/21-21:13:43.262362 7fd5706baac0                  Options.max_manifest_file_size: 1073741824
2023/01/21-21:13:43.262362 7fd5706baac0                   Options.log_file_time_to_roll: 0
2023/01/21-21:13:43.262362 7fd5706baac0                       Options.keep_log_file_num: 1000
2023/01/21-21:13:43.262363 7fd5706baac0                    Options.recycle_log_file_num: 0
2023/01/21-21:13:43.262363 7fd5706baac0                         Options.allow_fallocate: 1
2023/01/21-21:13:43.262364 7fd5706baac0                        Options.allow_mmap_reads: 0
2023/01/21-21:13:43.262364 7fd5706baac0                       Options.allow_mmap_writes: 0
2023/01/21-21:13:43.262364 7fd5706baac0                        Options.use_direct_reads: 0
2023/01/21-21:13:43.262365 7fd5706baac0                        Options.use_direct_io_for_flush_and_compaction: 0
2023/01/21-21:13:43.262365 7fd5706baac0          Options.create_missing_column_families: 1
2023/01/21-21:13:43.262365 7fd5706baac0                              Options.db_log_dir: 
2023/01/21-21:13:43.262366 7fd5706baac0                                 Options.wal_dir: /home/lennin/dao_bootcamp/core-project-starter/.dfx/network/local/state/replicated_state/node-100/ic_consensus_pool/certification
2023/01/21-21:13:43.262366 7fd5706baac0                Options.table_cache_numshardbits: 6
2023/01/21-21:13:43.262367 7fd5706baac0                         Options.WAL_ttl_seconds: 0
2023/01/21-21:13:43.262367 7fd5706baac0                       Options.WAL_size_limit_MB: 0
2023/01/21-21:13:43.262367 7fd5706baac0                        Options.max_write_batch_group_size_bytes: 1048576
2023/01/21-21:13:43.262368 7fd5706baac0             Options.manifest_preallocation_size: 4194304
2023/01/21-21:13:43.262368 7fd5706baac0                     Options.is_fd_close_on_exec: 1
2023/01/21-21:13:43.262369 7fd5706baac0                   Options.advise_random_on_open: 1
2023/01/21-21:13:43.262369 7fd5706baac0                    Options.db_write_buffer_size: 0
2023/01/21-21:13:43.262369 7fd5706baac0                    Options.write_buffer_manager: 0x55a3c85d49b0
2023/01/21-21:13:43.262370 7fd5706baac0         Options.access_hint_on_compaction_start: 1
2023/01/21-21:13:43.262387 7fd5706baac0  Options.new_table_reader_for_compaction_inputs: 0
2023/01/21-21:13:43.262389 7fd5706baac0           Options.random_access_max_buffer_size: 1048576
2023/01/21-21:13:43.262389 7fd5706baac0                      Options.use_adaptive_mutex: 0
2023/01/21-21:13:43.262390 7fd5706baac0                            Options.rate_limiter: (nil)
2023/01/21-21:13:43.262391 7fd5706baac0     Options.sst_file_manager.rate_bytes_per_sec: 0
2023/01/21-21:13:43.262391 7fd5706baac0                       Options.wal_recovery_mode: 2
2023/01/21-21:13:43.262392 7fd5706baac0                  Options.enable_thread_tracking: 0
2023/01/21-21:13:43.262392 7fd5706baac0                  Options.enable_pipelined_write: 0
2023/01/21-21:13:43.262392 7fd5706baac0                  Options.unordered_write: 0
2023/01/21-21:13:43.262393 7fd5706baac0         Options.allow_concurrent_memtable_write: 1
2023/01/21-21:13:43.262393 7fd5706baac0      Options.enable_write_thread_adaptive_yield: 1
2023/01/21-21:13:43.262393 7fd5706baac0             Options.write_thread_max_yield_usec: 100
2023/01/21-21:13:43.262394 7fd5706baac0            Options.write_thread_slow_yield_usec: 3
2023/01/21-21:13:43.262394 7fd5706baac0                               Options.row_cache: None
2023/01/21-21:13:43.262395 7fd5706baac0                              Options.wal_filter: None
2023/01/21-21:13:43.262395 7fd5706baac0             Options.avoid_flush_during_recovery: 0
2023/01/21-21:13:43.262396 7fd5706baac0             Options.allow_ingest_behind: 0
2023/01/21-21:13:43.262396 7fd5706baac0             Options.preserve_deletes: 0
2023/01/21-21:13:43.262397 7fd5706baac0             Options.two_write_queues: 0
2023/01/21-21:13:43.262397 7fd5706baac0             Options.manual_wal_flush: 0
2023/01/21-21:13:43.262397 7fd5706baac0             Options.atomic_flush: 0
2023/01/21-21:13:43.262398 7fd5706baac0             Options.avoid_unnecessary_blocking_io: 0
2023/01/21-21:13:43.262398 7fd5706baac0                 Options.persist_stats_to_disk: 0
2023/01/21-21:13:43.262398 7fd5706baac0                 Options.write_dbid_to_manifest: 0
2023/01/21-21:13:43.262399 7fd5706baac0                 Options.log_readahead_size: 0
2023/01/21-21:13:43.262399 7fd5706baac0                 Options.file_checksum_gen_factory: Unknown
2023/01/21-21:13:43.262400 7fd5706baac0                 Options.best_efforts_recovery: 0
2023/01/21-21:13:43.262400 7fd5706baac0                Options.max_bgerror_resume_count: 2147483647
2023/01/21-21:13:43.262400 7fd5706baac0            Options.bgerror_resume_retry_interval: 1000000
2023/01/21-21:13:43.262401 7fd5706baac0             Options.allow_data_in_errors: 0
2023/01/21-21:13:43.262401 7fd5706baac0             Options.db_host_id: __hostname__
2023/01/21-21:13:43.262402 7fd5706baac0             Options.max_background_jobs: 2
2023/01/21-21:13:43.262402 7fd5706baac0             Options.max_background_compactions: -1
2023/01/21-21:13:43.262402 7fd5706baac0             Options.max_subcompactions: 1
2023/01/21-21:13:43.262403 7fd5706baac0             Options.avoid_flush_during_shutdown: 0
2023/01/21-21:13:43.262403 7fd5706baac0           Options.writable_file_max_buffer_size: 1048576
2023/01/21-21:13:43.262404 7fd5706baac0             Options.delayed_write_rate : 16777216
2023/01/21-21:13:43.262404 7fd5706baac0             Options.max_total_wal_size: 0
2023/01/21-21:13:43.262405 7fd5706baac0             Options.delete_obsolete_files_period_micros: 21600000000
2023/01/21-21:13:43.262405 7fd5706baac0                   Options.stats_dump_period_sec: 600
2023/01/21-21:13:43.262405 7fd5706baac0                 Options.stats_persist_period_sec: 600
2023/01/21-21:13:43.262406 7fd5706baac0                 Options.stats_history_buffer_size: 1048576
2023/01/21-21:13:43.262406 7fd5706baac0                          Options.max_open_files: -1
2023/01/21-21:13:43.262407 7fd5706baac0                          Options.bytes_per_sync: 0
2023/01/21-21:13:43.262407 7fd5706baac0                      Options.wal_bytes_per_sync: 0
2023/01/21-21:13:43.262423 7fd5706baac0                   Options.strict_bytes_per_sync: 0
2023/01/21-21:13:43.262425 7fd5706baac0       Options.compaction_readahead_size: 0
2023/01/21-21:13:43.262425 7fd5706baac0                  Options.max_background_flushes: -1
2023/01/21-21:13:43.262426 7fd5706baac0 Compression algorithms supported:
2023/01/21-21:13:43.262426 7fd5706baac0 	kZSTDNotFinalCompression supported: 1
2023/01/21-21:13:43.262427 7fd5706baac0 	kZSTD supported: 1
2023/01/21-21:13:43.262428 7fd5706baac0 	kXpressCompression supported: 0
2023/01/21-21:13:43.262428 7fd5706baac0 	kLZ4HCCompression supported: 1
2023/01/21-21:13:43.262429 7fd5706baac0 	kLZ4Compression supported: 1
2023/01/21-21:13:43.262430 7fd5706baac0 	kBZip2Compression supported: 1
2023/01/21-21:13:43.262430 7fd5706baac0 	kZlibCompression supported: 1
2023/01/21-21:13:43.262431 7fd5706baac0 	kSnappyCompression supported: 1
2023/01/21-21:13:43.262433 7fd5706baac0 Fast CRC32 supported: Supported on x86
2023/01/21-21:13:43.262459 7fd5706baac0 [db/version_set.cc:4758] Recovering from manifest file: /home/lennin/dao_bootcamp/core-project-starter/.dfx/network/local/state/replicated_state/node-100/ic_consensus_pool/certification/MANIFEST-000003
2023/01/21-21:13:43.262509 7fd5706baac0 [db/column_family.cc:595] --------------- Options for column family [default]:
2023/01/21-21:13:43.262510 7fd5706baac0               Options.comparator: leveldb.BytewiseComparator
2023/01/21-21:13:43.262511 7fd5706baac0           Options.merge_operator: None
2023/01/21-21:13:43.262511 7fd5706baac0        Options.compaction_filter: None
2023/01/21-21:13:43.262512 7fd5706baac0        Options.compaction_filter_factory: None
2023/01/21-21:13:43.262512 7fd5706baac0  Options.sst_partitioner_factory: None
2023/01/21-21:13:43.262512 7fd5706baac0         Options.memtable_factory: SkipListFactory
2023/01/21-21:13:43.262513 7fd5706baac0            Options.table_factory: BlockBasedTable
2023/01/21-21:13:43.262523 7fd5706baac0            table_factory options:   flush_block_policy_factory: FlushBlockBySizePolicyFactory (0x55a3c8548c70)
  cache_index_and_filter_blocks: 0
  cache_index_and_filter_blocks_with_high_priority: 1
  pin_l0_filter_and_index_blocks_in_cache: 0
  pin_top_level_index_and_filter: 1
  index_type: 0
  data_block_index_type: 0
  index_shortening: 1
  data_block_hash_table_util_ratio: 0.750000
  hash_index_allow_collision: 1
  checksum: 1
  no_block_cache: 0
  block_cache: 0x55a3c851dea0
  block_cache_name: LRUCache
  block_cache_options:
    capacity : 8388608
    num_shard_bits : 4
    strict_capacity_limit : 0
    memory_allocator : None
    high_pri_pool_ratio: 0.000
  block_cache_compressed: (nil)
  persistent_cache: (nil)
  block_size: 4096
  block_size_deviation: 10
  block_restart_interval: 16
  index_block_restart_interval: 1
  metadata_block_size: 4096
  partition_filters: 0
  use_delta_encoding: 1
  filter_policy: nullptr
  whole_key_filtering: 1
  verify_compression: 0
  read_amp_bytes_per_bit: 0
  format_version: 4
  enable_index_compression: 1
  block_align: 0
2023/01/21-21:13:43.262523 7fd5706baac0        Options.write_buffer_size: 67108864
2023/01/21-21:13:43.262524 7fd5706baac0  Options.max_write_buffer_number: 2
2023/01/21-21:13:43.262524 7fd5706baac0          Options.compression: Snappy
2023/01/21-21:13:43.262525 7fd5706baac0                  Options.bottommost_compression: Disabled
2023/01/21-21:13:43.262525 7fd5706baac0       Options.prefix_extractor: nullptr
2023/01/21-21:13:43.262526 7fd5706baac0   Options.memtable_insert_with_hint_prefix_extractor: nullptr
2023/01/21-21:13:43.262526 7fd5706baac0             Options.num_levels: 7
2023/01/21-21:13:43.262526 7fd5706baac0        Options.min_write_buffer_number_to_merge: 1
2023/01/21-21:13:43.262527 7fd5706baac0     Options.max_write_buffer_number_to_maintain: 0
2023/01/21-21:13:43.262527 7fd5706baac0     Options.max_write_buffer_size_to_maintain: 0
2023/01/21-21:13:43.262528 7fd5706baac0            Options.bottommost_compression_opts.window_bits: -14
2023/01/21-21:13:43.262528 7fd5706baac0                  Options.bottommost_compression_opts.level: 32767
2023/01/21-21:13:43.262545 7fd5706baac0               Options.bottommost_compression_opts.strategy: 0
2023/01/21-21:13:43.262546 7fd5706baac0         Options.bottommost_compression_opts.max_dict_bytes: 0
2023/01/21-21:13:43.262547 7fd5706baac0         Options.bottommost_compression_opts.zstd_max_train_bytes: 0
2023/01/21-21:13:43.262548 7fd5706baac0         Options.bottommost_compression_opts.parallel_threads: 1
2023/01/21-21:13:43.262548 7fd5706baac0                  Options.bottommost_compression_opts.enabled: false
2023/01/21-21:13:43.262549 7fd5706baac0            Options.compression_opts.window_bits: -14
2023/01/21-21:13:43.262550 7fd5706baac0                  Options.compression_opts.level: 32767
2023/01/21-21:13:43.262550 7fd5706baac0               Options.compression_opts.strategy: 0
2023/01/21-21:13:43.262550 7fd5706baac0         Options.compression_opts.max_dict_bytes: 0
2023/01/21-21:13:43.262551 7fd5706baac0         Options.compression_opts.zstd_max_train_bytes: 0
2023/01/21-21:13:43.262551 7fd5706baac0         Options.compression_opts.parallel_threads: 1
2023/01/21-21:13:43.262552 7fd5706baac0                  Options.compression_opts.enabled: false
2023/01/21-21:13:43.262552 7fd5706baac0      Options.level0_file_num_compaction_trigger: 4
2023/01/21-21:13:43.262553 7fd5706baac0          Options.level0_slowdown_writes_trigger: 20
2023/01/21-21:13:43.262553 7fd5706baac0              Options.level0_stop_writes_trigger: 36
2023/01/21-21:13:43.262554 7fd5706baac0                   Options.target_file_size_base: 67108864
2023/01/21-21:13:43.262554 7fd5706baac0             Options.target_file_size_multiplier: 1
2023/01/21-21:13:43.262555 7fd5706baac0                Options.max_bytes_for_level_base: 268435456
2023/01/21-21:13:43.262555 7fd5706baac0 Options.level_compaction_dynamic_level_bytes: 0
2023/01/21-21:13:43.262556 7fd5706baac0          Options.max_bytes_for_level_multiplier: 10.000000
2023/01/21-21:13:43.262557 7fd5706baac0 Options.max_bytes_for_level_multiplier_addtl[0]: 1
2023/01/21-21:13:43.262557 7fd5706baac0 Options.max_bytes_for_level_multiplier_addtl[1]: 1
2023/01/21-21:13:43.262558 7fd5706baac0 Options.max_bytes_for_level_multiplier_addtl[2]: 1
2023/01/21-21:13:43.262558 7fd5706baac0 Options.max_bytes_for_level_multiplier_addtl[3]: 1
2023/01/21-21:13:43.262559 7fd5706baac0 Options.max_bytes_for_level_multiplier_addtl[4]: 1
2023/01/21-21:13:43.262559 7fd5706baac0 Options.max_bytes_for_level_multiplier_addtl[5]: 1
2023/01/21-21:13:43.262560 7fd5706baac0 Options.max_bytes_for_level_multiplier_addtl[6]: 1
2023/01/21-21:13:43.262560 7fd5706baac0       Options.max_sequential_skip_in_iterations: 8
2023/01/21-21:13:43.262560 7fd5706baac0                    Options.max_compaction_bytes: 1677721600
2023/01/21-21:13:43.262561 7fd5706baac0                        Options.arena_block_size: 8388608
2023/01/21-21:13:43.262561 7fd5706baac0   Options.soft_pending_compaction_bytes_limit: 68719476736
2023/01/21-21:13:43.262562 7fd5706baac0   Options.hard_pending_compaction_bytes_limit: 274877906944
2023/01/21-21:13:43.262562 7fd5706baac0       Options.rate_limit_delay_max_milliseconds: 100
2023/01/21-21:13:43.262563 7fd5706baac0                Options.disable_auto_compactions: 0
2023/01/21-21:13:43.262564 7fd5706baac0                        Options.compaction_style: kCompactionStyleLevel
2023/01/21-21:13:43.262565 7fd5706baac0                          Options.compaction_pri: kMinOverlappingRatio
2023/01/21-21:13:43.262565 7fd5706baac0 Options.compaction_options_universal.size_ratio: 1
2023/01/21-21:13:43.262565 7fd5706baac0 Options.compaction_options_universal.min_merge_width: 2
2023/01/21-21:13:43.262566 7fd5706baac0 Options.compaction_options_universal.max_merge_width: 4294967295
2023/01/21-21:13:43.262566 7fd5706baac0 Options.compaction_options_universal.max_size_amplification_percent: 200
2023/01/21-21:13:43.262567 7fd5706baac0 Options.compaction_options_universal.compression_size_percent: -1
2023/01/21-21:13:43.262567 7fd5706baac0 Options.compaction_options_universal.stop_style: kCompactionStopStyleTotalSize
2023/01/21-21:13:43.262584 7fd5706baac0 Options.compaction_options_fifo.max_table_files_size: 1073741824
2023/01/21-21:13:43.262585 7fd5706baac0 Options.compaction_options_fifo.allow_compaction: 0
2023/01/21-21:13:43.262588 7fd5706baac0                   Options.table_properties_collectors: 
2023/01/21-21:13:43.262589 7fd5706baac0                   Options.inplace_update_support: 0
2023/01/21-21:13:43.262589 7fd5706baac0                 Options.inplace_update_num_locks: 10000
2023/01/21-21:13:43.262590 7fd5706baac0               Options.memtable_prefix_bloom_size_ratio: 0.000000
2023/01/21-21:13:43.262591 7fd5706baac0               Options.memtable_whole_key_filtering: 0
2023/01/21-21:13:43.262591 7fd5706baac0   Options.memtable_huge_page_size: 0
2023/01/21-21:13:43.262592 7fd5706baac0                           Options.bloom_locality: 0
2023/01/21-21:13:43.262592 7fd5706baac0                    Options.max_successive_merges: 0
2023/01/21-21:13:43.262592 7fd5706baac0                Options.optimize_filters_for_hits: 0
2023/01/21-21:13:43.262593 7fd5706baac0                Options.paranoid_file_checks: 0
2023/01/21-21:13:43.262593 7fd5706baac0                Options.force_consistency_checks: 1
2023/01/21-21:13:43.262594 7fd5706baac0                Options.report_bg_io_stats: 0
2023/01/21-21:13:43.262594 7fd5706baac0                               Options.ttl: 2592000
2023/01/21-21:13:43.262595 7fd5706baac0          Options.periodic_compaction_seconds: 0
2023/01/21-21:13:43.262595 7fd5706baac0                    Options.enable_blob_files: false
2023/01/21-21:13:43.262596 7fd5706baac0                        Options.min_blob_size: 0
2023/01/21-21:13:43.262596 7fd5706baac0                       Options.blob_file_size: 268435456
2023/01/21-21:13:43.262597 7fd5706baac0                Options.blob_compression_type: NoCompression
2023/01/21-21:13:43.262597 7fd5706baac0       Options.enable_blob_garbage_collection: false
2023/01/21-21:13:43.262597 7fd5706baac0   Options.blob_garbage_collection_age_cutoff: 0.250000
2023/01/21-21:13:43.262626 7fd5706baac0 [db/column_family.cc:595] --------------- Options for column family [CE]:
2023/01/21-21:13:43.262627 7fd5706baac0               Options.comparator: leveldb.BytewiseComparator
2023/01/21-21:13:43.262627 7fd5706baac0           Options.merge_operator: None
2023/01/21-21:13:43.262628 7fd5706baac0        Options.compaction_filter: filter_outdated
2023/01/21-21:13:43.262628 7fd5706baac0        Options.compaction_filter_factory: None
2023/01/21-21:13:43.262629 7fd5706baac0  Options.sst_partitioner_factory: None
2023/01/21-21:13:43.262629 7fd5706baac0         Options.memtable_factory: SkipListFactory
2023/01/21-21:13:43.262629 7fd5706baac0            Options.table_factory: BlockBasedTable
2023/01/21-21:13:43.262636 7fd5706baac0            table_factory options:   flush_block_policy_factory: FlushBlockBySizePolicyFactory (0x55a3c854c990)
  cache_index_and_filter_blocks: 0
  cache_index_and_filter_blocks_with_high_priority: 1
  pin_l0_filter_and_index_blocks_in_cache: 0
  pin_top_level_index_and_filter: 1
  index_type: 0
  data_block_index_type: 0
  index_shortening: 1
  data_block_hash_table_util_ratio: 0.750000
  hash_index_allow_collision: 1
  checksum: 1
  no_block_cache: 0
  block_cache: 0x55a3c86ea730
  block_cache_name: LRUCache
  block_cache_options:
    capacity : 8388608
    num_shard_bits : 4
    strict_capacity_limit : 0
    memory_allocator : None
    high_pri_pool_ratio: 0.000
  block_cache_compressed: (nil)
  persistent_cache: (nil)
  block_size: 4096
  block_size_deviation: 10
  block_restart_interval: 16
  index_block_restart_interval: 1
  metadata_block_size: 4096
  partition_filters: 0
  use_delta_encoding: 1
  filter_policy: nullptr
  whole_key_filtering: 1
  verify_compression: 0
  read_amp_bytes_per_bit: 0
  format_version: 4
  enable_index_compression: 1
  block_align: 0
2023/01/21-21:13:43.262637 7fd5706baac0        Options.write_buffer_size: 67108864
2023/01/21-21:13:43.262637 7fd5706baac0  Options.max_write_buffer_number: 2
2023/01/21-21:13:43.262655 7fd5706baac0          Options.compression: NoCompression
2023/01/21-21:13:43.262656 7fd5706baac0                  Options.bottommost_compression: Disabled
2023/01/21-21:13:43.262657 7fd5706baac0       Options.prefix_extractor: nullptr
2023/01/21-21:13:43.262657 7fd5706baac0   Options.memtable_insert_with_hint_prefix_extractor: nullptr
2023/01/21-21:13:43.262658 7fd5706baac0             Options.num_levels: 7
2023/01/21-21:13:43.262658 7fd5706baac0        Options.min_write_buffer_number_to_merge: 1
2023/01/21-21:13:43.262659 7fd5706baac0     Options.max_write_buffer_number_to_maintain: 0
2023/01/21-21:13:43.262659 7fd5706baac0     Options.max_write_buffer_size_to_maintain: 0
2023/01/21-21:13:43.262660 7fd5706baac0            Options.bottommost_compression_opts.window_bits: -14
2023/01/21-21:13:43.262660 7fd5706baac0                  Options.bottommost_compression_opts.level: 32767
2023/01/21-21:13:43.262661 7fd5706baac0               Options.bottommost_compression_opts.strategy: 0
2023/01/21-21:13:43.262661 7fd5706baac0         Options.bottommost_compression_opts.max_dict_bytes: 0
2023/01/21-21:13:43.262662 7fd5706baac0         Options.bottommost_compression_opts.zstd_max_train_bytes: 0
2023/01/21-21:13:43.262662 7fd5706baac0         Options.bottommost_compression_opts.parallel_threads: 1
2023/01/21-21:13:43.262663 7fd5706baac0                  Options.bottommost_compression_opts.enabled: false
2023/01/21-21:13:43.262663 7fd5706baac0            Options.compression_opts.window_bits: -14
2023/01/21-21:13:43.262664 7fd5706baac0                  Options.compression_opts.level: 32767
2023/01/21-21:13:43.262664 7fd5706baac0               Options.compression_opts.strategy: 0
2023/01/21-21:13:43.262664 7fd5706baac0         Options.compression_opts.max_dict_bytes: 0
2023/01/21-21:13:43.262665 7fd5706baac0         Options.compression_opts.zstd_max_train_bytes: 0
2023/01/21-21:13:43.262665 7fd5706baac0         Options.compression_opts.parallel_threads: 1
2023/01/21-21:13:43.262666 7fd5706baac0                  Options.compression_opts.enabled: false
2023/01/21-21:13:43.262666 7fd5706baac0      Options.level0_file_num_compaction_trigger: 4
2023/01/21-21:13:43.262667 7fd5706baac0          Options.level0_slowdown_writes_trigger: 20
2023/01/21-21:13:43.262667 7fd5706baac0              Options.level0_stop_writes_trigger: 36
2023/01/21-21:13:43.262668 7fd5706baac0                   Options.target_file_size_base: 67108864
2023/01/21-21:13:43.262668 7fd5706baac0             Options.target_file_size_multiplier: 1
2023/01/21-21:13:43.262669 7fd5706baac0                Options.max_bytes_for_level_base: 268435456
2023/01/21-21:13:43.262669 7fd5706baac0 Options.level_compaction_dynamic_level_bytes: 0
2023/01/21-21:13:43.262670 7fd5706baac0          Options.max_bytes_for_level_multiplier: 10.000000
2023/01/21-21:13:43.262670 7fd5706baac0 Options.max_bytes_for_level_multiplier_addtl[0]: 1
2023/01/21-21:13:43.262671 7fd5706baac0 Options.max_bytes_for_level_multiplier_addtl[1]: 1
2023/01/21-21:13:43.262672 7fd5706baac0 Options.max_bytes_for_level_multiplier_addtl[2]: 1
2023/01/21-21:13:43.262672 7fd5706baac0 Options.max_bytes_for_level_multiplier_addtl[3]: 1
2023/01/21-21:13:43.262672 7fd5706baac0 Options.max_bytes_for_level_multiplier_addtl[4]: 1
2023/01/21-21:13:43.262673 7fd5706baac0 Options.max_bytes_for_level_multiplier_addtl[5]: 1
2023/01/21-21:13:43.262673 7fd5706baac0 Options.max_bytes_for_level_multiplier_addtl[6]: 1
2023/01/21-21:13:43.262674 7fd5706baac0       Options.max_sequential_skip_in_iterations: 8
2023/01/21-21:13:43.262674 7fd5706baac0                    Options.max_compaction_bytes: 1677721600
2023/01/21-21:13:43.262674 7fd5706baac0                        Options.arena_block_size: 8388608
2023/01/21-21:13:43.262675 7fd5706baac0   Options.soft_pending_compaction_bytes_limit: 68719476736
2023/01/21-21:13:43.262675 7fd5706baac0   Options.hard_pending_compaction_bytes_limit: 274877906944
2023/01/21-21:13:43.262676 7fd5706baac0       Options.rate_limit_delay_max_milliseconds: 100
2023/01/21-21:13:43.262676 7fd5706baac0                Options.disable_auto_compactions: 1
2023/01/21-21:13:43.262692 7fd5706baac0                        Options.compaction_style: kCompactionStyleLevel
2023/01/21-21:13:43.262694 7fd5706baac0                          Options.compaction_pri: kMinOverlappingRatio
2023/01/21-21:13:43.262694 7fd5706baac0 Options.compaction_options_universal.size_ratio: 1
2023/01/21-21:13:43.262695 7fd5706baac0 Options.compaction_options_universal.min_merge_width: 2
2023/01/21-21:13:43.262696 7fd5706baac0 Options.compaction_options_universal.max_merge_width: 4294967295
2023/01/21-21:13:43.262696 7fd5706baac0 Options.compaction_options_universal.max_size_amplification_percent: 200
2023/01/21-21:13:43.262697 7fd5706baac0 Options.compaction_options_universal.compression_size_percent: -1
2023/01/21-21:13:43.262697 7fd5706baac0 Options.compaction_options_universal.stop_style: kCompactionStopStyleTotalSize
2023/01/21-21:13:43.262697 7fd5706baac0 Options.compaction_options_fifo.max_table_files_size: 1073741824
2023/01/21-21:13:43.262698 7fd5706baac0 Options.compaction_options_fifo.allow_compaction: 0
2023/01/21-21:13:43.262699 7fd5706baac0                   Options.table_properties_collectors: 
2023/01/21-21:13:43.262700 7fd5706baac0                   Options.inplace_update_support: 0
2023/01/21-21:13:43.262700 7fd5706baac0                 Options.inplace_update_num_locks: 10000
2023/01/21-21:13:43.262701 7fd5706baac0               Options.memtable_prefix_bloom_size_ratio: 0.000000
2023/01/21-21:13:43.262701 7fd5706baac0               Options.memtable_whole_key_filtering: 0
2023/01/21-21:13:43.262702 7fd5706baac0   Options.memtable_huge_page_size: 0
2023/01/21-21:13:43.262702 7fd5706baac0                           Options.bloom_locality: 0
2023/01/21-21:13:43.262702 7fd5706baac0                    Options.max_successive_merges: 0
2023/01/21-21:13:43.262703 7fd5706baac0                Options.optimize_filters_for_hits: 0
2023/01/21-21:13:43.262703 7fd5706baac0                Options.paranoid_file_checks: 0
2023/01/21-21:13:43.262704 7fd5706baac0                Options.force_consistency_checks: 1
2023/01/21-21:13:43.262704 7fd5706baac0                Options.report_bg_io_stats: 0
2023/01/21-21:13:43.262704 7fd5706baac0                               Options.ttl: 2592000
2023/01/21-21:13:43.262705 7fd5706baac0          Options.periodic_compaction_seconds: 2592000
2023/01/21-21:13:43.262705 7fd5706baac0                    Options.enable_blob_files: false
2023/01/21-21:13:43.262706 7fd5706baac0                        Options.min_blob_size: 0
2023/01/21-21:13:43.262706 7fd5706baac0                       Options.blob_file_size: 268435456
2023/01/21-21:13:43.262706 7fd5706baac0                Options.blob_compression_type: NoCompression
2023/01/21-21:13:43.262707 7fd5706baac0       Options.enable_blob_garbage_collection: false
2023/01/21-21:13:43.262707 7fd5706baac0   Options.blob_garbage_collection_age_cutoff: 0.250000
2023/01/21-21:13:43.262723 7fd5706baac0 [db/column_family.cc:595] --------------- Options for column family [CES]:
2023/01/21-21:13:43.262724 7fd5706baac0               Options.comparator: leveldb.BytewiseComparator
2023/01/21-21:13:43.262724 7fd5706baac0           Options.merge_operator: None
2023/01/21-21:13:43.262724 7fd5706baac0        Options.compaction_filter: filter_outdated
2023/01/21-21:13:43.262725 7fd5706baac0        Options.compaction_filter_factory: None
2023/01/21-21:13:43.262725 7fd5706baac0  Options.sst_partitioner_factory: None
2023/01/21-21:13:43.262726 7fd5706baac0         Options.memtable_factory: SkipListFactory
2023/01/21-21:13:43.262726 7fd5706baac0            Options.table_factory: BlockBasedTable
2023/01/21-21:13:43.262733 7fd5706baac0            table_factory options:   flush_block_policy_factory: FlushBlockBySizePolicyFactory (0x55a3c8594230)
  cache_index_and_filter_blocks: 0
  cache_index_and_filter_blocks_with_high_priority: 1
  pin_l0_filter_and_index_blocks_in_cache: 0
  pin_top_level_index_and_filter: 1
  index_type: 0
  data_block_index_type: 0
  index_shortening: 1
  data_block_hash_table_util_ratio: 0.750000
  hash_index_allow_collision: 1
  checksum: 1
  no_block_cache: 0
  block_cache: 0x55a3c86df560
  block_cache_name: LRUCache
  block_cache_options:
    capacity : 8388608
    num_shard_bits : 4
    strict_capacity_limit : 0
    memory_allocator : None
    high_pri_pool_ratio: 0.000
  block_cache_compressed: (nil)
  persistent_cache: (nil)
  block_size: 4096
  block_size_deviation: 10
  block_restart_interval: 16
  index_block_restart_interval: 1
  metadata_block_size: 4096
  partition_filters: 0
  use_delta_encoding: 1
  filter_policy: nullptr
  whole_key_filtering: 1
  verify_compression: 0
  read_amp_bytes_per_bit: 0
  format_version: 4
  enable_index_compression: 1
  block_align: 0
2023/01/21-21:13:43.262749 7fd5706baac0        Options.write_buffer_size: 67108864
2023/01/21-21:13:43.262751 7fd5706baac0  Options.max_write_buffer_number: 2
2023/01/21-21:13:43.262751 7fd5706baac0          Options.compression: NoCompression
2023/01/21-21:13:43.262752 7fd5706baac0                  Options.bottommost_compression: Disabled
2023/01/21-21:13:43.262752 7fd5706baac0       Options.prefix_extractor: nullptr
2023/01/21-21:13:43.262753 7fd5706baac0   Options.memtable_insert_with_hint_prefix_extractor: nullptr
2023/01/21-21:13:43.262753 7fd5706baac0             Options.num_levels: 7
2023/01/21-21:13:43.262754 7fd5706baac0        Options.min_write_buffer_number_to_merge: 1
2023/01/21-21:13:43.262754 7fd5706baac0     Options.max_write_buffer_number_to_maintain: 0
2023/01/21-21:13:43.262754 7fd5706baac0     Options.max_write_buffer_size_to_maintain: 0
2023/01/21-21:13:43.262755 7fd5706baac0            Options.bottommost_compression_opts.window_bits: -14
2023/01/21-21:13:43.262755 7fd5706baac0                  Options.bottommost_compression_opts.level: 32767
2023/01/21-21:13:43.262756 7fd5706baac0               Options.bottommost_compression_opts.strategy: 0
2023/01/21-21:13:43.262756 7fd5706baac0         Options.bottommost_compression_opts.max_dict_bytes: 0
2023/01/21-21:13:43.262756 7fd5706baac0         Options.bottommost_compression_opts.zstd_max_train_bytes: 0
2023/01/21-21:13:43.262757 7fd5706baac0         Options.bottommost_compression_opts.parallel_threads: 1
2023/01/21-21:13:43.262757 7fd5706baac0                  Options.bottommost_compression_opts.enabled: false
2023/01/21-21:13:43.262758 7fd5706baac0            Options.compression_opts.window_bits: -14
2023/01/21-21:13:43.262758 7fd5706baac0                  Options.compression_opts.level: 32767
2023/01/21-21:13:43.262758 7fd5706baac0               Options.compression_opts.strategy: 0
2023/01/21-21:13:43.262759 7fd5706baac0         Options.compression_opts.max_dict_bytes: 0
2023/01/21-21:13:43.262759 7fd5706baac0         Options.compression_opts.zstd_max_train_bytes: 0
2023/01/21-21:13:43.262760 7fd5706baac0         Options.compression_opts.parallel_threads: 1
2023/01/21-21:13:43.262760 7fd5706baac0                  Options.compression_opts.enabled: false
2023/01/21-21:13:43.262760 7fd5706baac0      Options.level0_file_num_compaction_trigger: 4
2023/01/21-21:13:43.262761 7fd5706baac0          Options.level0_slowdown_writes_trigger: 20
2023/01/21-21:13:43.262761 7fd5706baac0              Options.level0_stop_writes_trigger: 36
2023/01/21-21:13:43.262761 7fd5706baac0                   Options.target_file_size_base: 67108864
2023/01/21-21:13:43.262762 7fd5706baac0             Options.target_file_size_multiplier: 1
2023/01/21-21:13:43.262762 7fd5706baac0                Options.max_bytes_for_level_base: 268435456
2023/01/21-21:13:43.262763 7fd5706baac0 Options.level_compaction_dynamic_level_bytes: 0
2023/01/21-21:13:43.262763 7fd5706baac0          Options.max_bytes_for_level_multiplier: 10.000000
2023/01/21-21:13:43.262764 7fd5706baac0 Options.max_bytes_for_level_multiplier_addtl[0]: 1
2023/01/21-21:13:43.262764 7fd5706baac0 Options.max_bytes_for_level_multiplier_addtl[1]: 1
2023/01/21-21:13:43.262765 7fd5706baac0 Options.max_bytes_for_level_multiplier_addtl[2]: 1
2023/01/21-21:13:43.262765 7fd5706baac0 Options.max_bytes_for_level_multiplier_addtl[3]: 1
2023/01/21-21:13:43.262781 7fd5706baac0 Options.max_bytes_for_level_multiplier_addtl[4]: 1
2023/01/21-21:13:43.262783 7fd5706baac0 Options.max_bytes_for_level_multiplier_addtl[5]: 1
2023/01/21-21:13:43.262783 7fd5706baac0 Options.max_bytes_for_level_multiplier_addtl[6]: 1
2023/01/21-21:13:43.262784 7fd5706baac0       Options.max_sequential_skip_in_iterations: 8
2023/01/21-21:13:43.262785 7fd5706baac0                    Options.max_compaction_bytes: 1677721600
2023/01/21-21:13:43.262785 7fd5706baac0                        Options.arena_block_size: 8388608
2023/01/21-21:13:43.262786 7fd5706baac0   Options.soft_pending_compaction_bytes_limit: 68719476736
2023/01/21-21:13:43.262786 7fd5706baac0   Options.hard_pending_compaction_bytes_limit: 274877906944
2023/01/21-21:13:43.262786 7fd5706baac0       Options.rate_limit_delay_max_milliseconds: 100
2023/01/21-21:13:43.262787 7fd5706baac0                Options.disable_auto_compactions: 1
2023/01/21-21:13:43.262788 7fd5706baac0                        Options.compaction_style: kCompactionStyleLevel
2023/01/21-21:13:43.262788 7fd5706baac0                          Options.compaction_pri: kMinOverlappingRatio
2023/01/21-21:13:43.262788 7fd5706baac0 Options.compaction_options_universal.size_ratio: 1
2023/01/21-21:13:43.262789 7fd5706baac0 Options.compaction_options_universal.min_merge_width: 2
2023/01/21-21:13:43.262789 7fd5706baac0 Options.compaction_options_universal.max_merge_width: 4294967295
2023/01/21-21:13:43.262790 7fd5706baac0 Options.compaction_options_universal.max_size_amplification_percent: 200
2023/01/21-21:13:43.262790 7fd5706baac0 Options.compaction_options_universal.compression_size_percent: -1
2023/01/21-21:13:43.262791 7fd5706baac0 Options.compaction_options_universal.stop_style: kCompactionStopStyleTotalSize
2023/01/21-21:13:43.262791 7fd5706baac0 Options.compaction_options_fifo.max_table_files_size: 1073741824
2023/01/21-21:13:43.262791 7fd5706baac0 Options.compaction_options_fifo.allow_compaction: 0
2023/01/21-21:13:43.262793 7fd5706baac0                   Options.table_properties_collectors: 
2023/01/21-21:13:43.262793 7fd5706baac0                   Options.inplace_update_support: 0
2023/01/21-21:13:43.262793 7fd5706baac0                 Options.inplace_update_num_locks: 10000
2023/01/21-21:13:43.262794 7fd5706baac0               Options.memtable_prefix_bloom_size_ratio: 0.000000
2023/01/21-21:13:43.262795 7fd5706baac0               Options.memtable_whole_key_filtering: 0
2023/01/21-21:13:43.262795 7fd5706baac0   Options.memtable_huge_page_size: 0
2023/01/21-21:13:43.262795 7fd5706baac0                           Options.bloom_locality: 0
2023/01/21-21:13:43.262796 7fd5706baac0                    Options.max_successive_merges: 0
2023/01/21-21:13:43.262796 7fd5706baac0                Options.optimize_filters_for_hits: 0
2023/01/21-21:13:43.262797 7fd5706baac0                Options.paranoid_file_checks: 0
2023/01/21-21:13:43.262797 7fd5706baac0                Options.force_consistency_checks: 1
2023/01/21-21:13:43.262797 7fd5706baac0                Options.report_bg_io_stats: 0
2023/01/21-21:13:43.262798 7fd5706baac0                               Options.ttl: 2592000
2023/01/21-21:13:43.262798 7fd5706baac0          Options.periodic_compaction_seconds: 2592000
2023/01/21-21:13:43.262798 7fd5706baac0                    Options.enable_blob_files: false
2023/01/21-21:13:43.262799 7fd5706baac0                        Options.min_blob_size: 0
2023/01/21-21:13:43.262799 7fd5706baac0                       Options.blob_file_size: 268435456
2023/01/21-21:13:43.262800 7fd5706baac0                Options.blob_compression_type: NoCompression
2023/01/21-21:13:43.262800 7fd5706baac0       Options.enable_blob_garbage_collection: false
2023/01/21-21:13:43.262800 7fd5706baac0   Options.blob_garbage_collection_age_cutoff: 0.250000
2023/01/21-21:13:43.265280 7fd5706baac0 [db/version_set.cc:4798] Recovered from manifest file:/home/lennin/dao_bootcamp/core-project-starter/.dfx/network/local/state/replicated_state/node-100/ic_consensus_pool/certification/MANIFEST-000003 succeeded,manifest_file_number is 3, next_file_number is 18, last_sequence is 1004, log_number is 14,prev_log_number is 0,max_column_family is 2,min_log_number_to_keep is 0
2023/01/21-21:13:43.265313 7fd5706baac0 [db/version_set.cc:4813] Column family [default] (ID 0), log number is 0
2023/01/21-21:13:43.265315 7fd5706baac0 [db/version_set.cc:4813] Column family [CE] (ID 1), log number is 11
2023/01/21-21:13:43.265316 7fd5706baac0 [db/version_set.cc:4813] Column family [CES] (ID 2), log number is 14
2023/01/21-21:13:43.265349 7fd5706baac0 [db/version_set.cc:4112] Creating manifest 18
2023/01/21-21:13:43.269764 7fd5706baac0 EVENT_LOG_v1 {"time_micros": 1674335623269761, "job": 1, "event": "recovery_started", "wal_files": [11, 14]}
2023/01/21-21:13:43.269767 7fd5706baac0 [db/db_impl/db_impl_open.cc:847] Recovering log #11 mode 2
2023/01/21-21:13:43.269781 7fd5706baac0 [db/db_impl/db_impl_open.cc:847] Recovering log #14 mode 2
2023/01/21-21:13:43.271897 7fd5706baac0 EVENT_LOG_v1 {"time_micros": 1674335623271886, "cf_name": "CE", "job": 1, "event": "table_file_creation", "file_number": 19, "file_size": 160994, "file_checksum": "", "file_checksum_func_name": "Unknown", "table_properties": {"data_size": 159352, "index_size": 795, "index_partitions": 0, "top_level_index_size": 0, "index_key_is_user_key": 1, "index_value_is_delta_encoded": 1, "filter_size": 0, "raw_key_size": 35088, "raw_average_key_size": 48, "raw_value_size": 125225, "raw_average_value_size": 171, "num_data_blocks": 40, "num_entries": 731, "num_deletions": 0, "num_merge_operands": 0, "num_range_deletions": 0, "format_version": 0, "fixed_key_len": 0, "filter_policy": "", "column_family_name": "CE", "column_family_id": 1, "comparator": "leveldb.BytewiseComparator", "merge_operator": "nullptr", "prefix_extractor_name": "nullptr", "property_collectors": "[]", "compression": "NoCompression", "compression_options": "window_bits=-14; level=32767; strategy=0; max_dict_bytes=0; zstd_max_train_bytes=0; enabled=0; ", "creation_time": 1674335623, "oldest_key_time": 0, "file_creation_time": 0, "db_id": "7e0cb9be-047e-4a26-883e-6001c4a591ba", "db_session_id": "LVCKQ80KR7ASJ2YAMLUL"}}
