2023/01/21-21:00:56.885912 7f299ae40ac0 RocksDB version: 6.17.0
2023/01/21-21:00:56.885980 7f299ae40ac0 Git sha 0
2023/01/21-21:00:56.886004 7f299ae40ac0 DB SUMMARY
2023/01/21-21:00:56.886005 7f299ae40ac0 DB Session ID:  2RB4C9GXNN30VB2PTT8A
2023/01/21-21:00:56.886029 7f299ae40ac0 SST files in /home/lennin/dao_bootcamp/core-project-starter/.dfx/network/local/state/replicated_state/node-100/ic_consensus_pool/consensus dir, Total Num: 0, files: 
2023/01/21-21:00:56.886030 7f299ae40ac0 Write Ahead Log file in /home/lennin/dao_bootcamp/core-project-starter/.dfx/network/local/state/replicated_state/node-100/ic_consensus_pool/consensus: 
2023/01/21-21:00:56.886031 7f299ae40ac0                         Options.error_if_exists: 0
2023/01/21-21:00:56.886032 7f299ae40ac0                       Options.create_if_missing: 1
2023/01/21-21:00:56.886032 7f299ae40ac0                         Options.paranoid_checks: 1
2023/01/21-21:00:56.886033 7f299ae40ac0                               Options.track_and_verify_wals_in_manifest: 0
2023/01/21-21:00:56.886033 7f299ae40ac0                                     Options.env: 0x559c10f1a9c0
2023/01/21-21:00:56.886034 7f299ae40ac0                                      Options.fs: Posix File System
2023/01/21-21:00:56.886034 7f299ae40ac0                                Options.info_log: 0x559c5695b3c0
2023/01/21-21:00:56.886034 7f299ae40ac0                Options.max_file_opening_threads: 16
2023/01/21-21:00:56.886035 7f299ae40ac0                              Options.statistics: (nil)
2023/01/21-21:00:56.886035 7f299ae40ac0                               Options.use_fsync: 1
2023/01/21-21:00:56.886036 7f299ae40ac0                       Options.max_log_file_size: 0
2023/01/21-21:00:56.886036 7f299ae40ac0                  Options.max_manifest_file_size: 1073741824
2023/01/21-21:00:56.886037 7f299ae40ac0                   Options.log_file_time_to_roll: 0
2023/01/21-21:00:56.886037 7f299ae40ac0                       Options.keep_log_file_num: 1000
2023/01/21-21:00:56.886037 7f299ae40ac0                    Options.recycle_log_file_num: 0
2023/01/21-21:00:56.886038 7f299ae40ac0                         Options.allow_fallocate: 1
2023/01/21-21:00:56.886038 7f299ae40ac0                        Options.allow_mmap_reads: 0
2023/01/21-21:00:56.886038 7f299ae40ac0                       Options.allow_mmap_writes: 0
2023/01/21-21:00:56.886039 7f299ae40ac0                        Options.use_direct_reads: 0
2023/01/21-21:00:56.886039 7f299ae40ac0                        Options.use_direct_io_for_flush_and_compaction: 0
2023/01/21-21:00:56.886040 7f299ae40ac0          Options.create_missing_column_families: 1
2023/01/21-21:00:56.886040 7f299ae40ac0                              Options.db_log_dir: 
2023/01/21-21:00:56.886040 7f299ae40ac0                                 Options.wal_dir: /home/lennin/dao_bootcamp/core-project-starter/.dfx/network/local/state/replicated_state/node-100/ic_consensus_pool/consensus
2023/01/21-21:00:56.886041 7f299ae40ac0                Options.table_cache_numshardbits: 6
2023/01/21-21:00:56.886041 7f299ae40ac0                         Options.WAL_ttl_seconds: 0
2023/01/21-21:00:56.886042 7f299ae40ac0                       Options.WAL_size_limit_MB: 0
2023/01/21-21:00:56.886042 7f299ae40ac0                        Options.max_write_batch_group_size_bytes: 1048576
2023/01/21-21:00:56.886042 7f299ae40ac0             Options.manifest_preallocation_size: 4194304
2023/01/21-21:00:56.886043 7f299ae40ac0                     Options.is_fd_close_on_exec: 1
2023/01/21-21:00:56.886043 7f299ae40ac0                   Options.advise_random_on_open: 1
2023/01/21-21:00:56.886044 7f299ae40ac0                    Options.db_write_buffer_size: 0
2023/01/21-21:00:56.886044 7f299ae40ac0                    Options.write_buffer_manager: 0x559c5697e750
2023/01/21-21:00:56.886044 7f299ae40ac0         Options.access_hint_on_compaction_start: 1
2023/01/21-21:00:56.886045 7f299ae40ac0  Options.new_table_reader_for_compaction_inputs: 0
2023/01/21-21:00:56.886046 7f299ae40ac0           Options.random_access_max_buffer_size: 1048576
2023/01/21-21:00:56.886047 7f299ae40ac0                      Options.use_adaptive_mutex: 0
2023/01/21-21:00:56.886052 7f299ae40ac0                            Options.rate_limiter: (nil)
2023/01/21-21:00:56.886053 7f299ae40ac0     Options.sst_file_manager.rate_bytes_per_sec: 0
2023/01/21-21:00:56.886054 7f299ae40ac0                       Options.wal_recovery_mode: 2
2023/01/21-21:00:56.886054 7f299ae40ac0                  Options.enable_thread_tracking: 0
2023/01/21-21:00:56.886054 7f299ae40ac0                  Options.enable_pipelined_write: 0
2023/01/21-21:00:56.886055 7f299ae40ac0                  Options.unordered_write: 0
2023/01/21-21:00:56.886055 7f299ae40ac0         Options.allow_concurrent_memtable_write: 1
2023/01/21-21:00:56.886055 7f299ae40ac0      Options.enable_write_thread_adaptive_yield: 1
2023/01/21-21:00:56.886056 7f299ae40ac0             Options.write_thread_max_yield_usec: 100
2023/01/21-21:00:56.886056 7f299ae40ac0            Options.write_thread_slow_yield_usec: 3
2023/01/21-21:00:56.886057 7f299ae40ac0                               Options.row_cache: None
2023/01/21-21:00:56.886057 7f299ae40ac0                              Options.wal_filter: None
2023/01/21-21:00:56.886058 7f299ae40ac0             Options.avoid_flush_during_recovery: 0
2023/01/21-21:00:56.886058 7f299ae40ac0             Options.allow_ingest_behind: 0
2023/01/21-21:00:56.886059 7f299ae40ac0             Options.preserve_deletes: 0
2023/01/21-21:00:56.886059 7f299ae40ac0             Options.two_write_queues: 0
2023/01/21-21:00:56.886059 7f299ae40ac0             Options.manual_wal_flush: 0
2023/01/21-21:00:56.886060 7f299ae40ac0             Options.atomic_flush: 0
2023/01/21-21:00:56.886060 7f299ae40ac0             Options.avoid_unnecessary_blocking_io: 0
2023/01/21-21:00:56.886061 7f299ae40ac0                 Options.persist_stats_to_disk: 0
2023/01/21-21:00:56.886061 7f299ae40ac0                 Options.write_dbid_to_manifest: 0
2023/01/21-21:00:56.886061 7f299ae40ac0                 Options.log_readahead_size: 0
2023/01/21-21:00:56.886062 7f299ae40ac0                 Options.file_checksum_gen_factory: Unknown
2023/01/21-21:00:56.886062 7f299ae40ac0                 Options.best_efforts_recovery: 0
2023/01/21-21:00:56.886063 7f299ae40ac0                Options.max_bgerror_resume_count: 2147483647
2023/01/21-21:00:56.886063 7f299ae40ac0            Options.bgerror_resume_retry_interval: 1000000
2023/01/21-21:00:56.886063 7f299ae40ac0             Options.allow_data_in_errors: 0
2023/01/21-21:00:56.886064 7f299ae40ac0             Options.db_host_id: __hostname__
2023/01/21-21:00:56.886064 7f299ae40ac0             Options.max_background_jobs: 2
2023/01/21-21:00:56.886065 7f299ae40ac0             Options.max_background_compactions: -1
2023/01/21-21:00:56.886065 7f299ae40ac0             Options.max_subcompactions: 1
2023/01/21-21:00:56.886065 7f299ae40ac0             Options.avoid_flush_during_shutdown: 0
2023/01/21-21:00:56.886066 7f299ae40ac0           Options.writable_file_max_buffer_size: 1048576
2023/01/21-21:00:56.886066 7f299ae40ac0             Options.delayed_write_rate : 16777216
2023/01/21-21:00:56.886067 7f299ae40ac0             Options.max_total_wal_size: 0
2023/01/21-21:00:56.886067 7f299ae40ac0             Options.delete_obsolete_files_period_micros: 21600000000
2023/01/21-21:00:56.886068 7f299ae40ac0                   Options.stats_dump_period_sec: 600
2023/01/21-21:00:56.886068 7f299ae40ac0                 Options.stats_persist_period_sec: 600
2023/01/21-21:00:56.886068 7f299ae40ac0                 Options.stats_history_buffer_size: 1048576
2023/01/21-21:00:56.886069 7f299ae40ac0                          Options.max_open_files: -1
2023/01/21-21:00:56.886069 7f299ae40ac0                          Options.bytes_per_sync: 0
2023/01/21-21:00:56.886070 7f299ae40ac0                      Options.wal_bytes_per_sync: 0
2023/01/21-21:00:56.886070 7f299ae40ac0                   Options.strict_bytes_per_sync: 0
2023/01/21-21:00:56.886070 7f299ae40ac0       Options.compaction_readahead_size: 0
2023/01/21-21:00:56.886071 7f299ae40ac0                  Options.max_background_flushes: -1
2023/01/21-21:00:56.886071 7f299ae40ac0 Compression algorithms supported:
2023/01/21-21:00:56.886075 7f299ae40ac0 	kZSTDNotFinalCompression supported: 1
2023/01/21-21:00:56.886078 7f299ae40ac0 	kZSTD supported: 1
2023/01/21-21:00:56.886079 7f299ae40ac0 	kXpressCompression supported: 0
2023/01/21-21:00:56.886079 7f299ae40ac0 	kLZ4HCCompression supported: 1
2023/01/21-21:00:56.886080 7f299ae40ac0 	kLZ4Compression supported: 1
2023/01/21-21:00:56.886080 7f299ae40ac0 	kBZip2Compression supported: 1
2023/01/21-21:00:56.886081 7f299ae40ac0 	kZlibCompression supported: 1
2023/01/21-21:00:56.886081 7f299ae40ac0 	kSnappyCompression supported: 1
2023/01/21-21:00:56.886083 7f299ae40ac0 Fast CRC32 supported: Supported on x86
2023/01/21-21:00:56.897885 7f299ae40ac0 [db/db_impl/db_impl_open.cc:283] Creating manifest 1 
2023/01/21-21:00:56.904470 7f299ae40ac0 [db/version_set.cc:4758] Recovering from manifest file: /home/lennin/dao_bootcamp/core-project-starter/.dfx/network/local/state/replicated_state/node-100/ic_consensus_pool/consensus/MANIFEST-000001
2023/01/21-21:00:56.904558 7f299ae40ac0 [db/column_family.cc:595] --------------- Options for column family [default]:
2023/01/21-21:00:56.904560 7f299ae40ac0               Options.comparator: leveldb.BytewiseComparator
2023/01/21-21:00:56.904560 7f299ae40ac0           Options.merge_operator: None
2023/01/21-21:00:56.904561 7f299ae40ac0        Options.compaction_filter: None
2023/01/21-21:00:56.904561 7f299ae40ac0        Options.compaction_filter_factory: None
2023/01/21-21:00:56.904562 7f299ae40ac0  Options.sst_partitioner_factory: None
2023/01/21-21:00:56.904562 7f299ae40ac0         Options.memtable_factory: SkipListFactory
2023/01/21-21:00:56.904563 7f299ae40ac0            Options.table_factory: BlockBasedTable
2023/01/21-21:00:56.904582 7f299ae40ac0            table_factory options:   flush_block_policy_factory: FlushBlockBySizePolicyFactory (0x559c5697ac60)
  cache_index_and_filter_blocks: 0
  cache_index_and_filter_blocks_with_high_priority: 1
  pin_l0_filter_and_index_blocks_in_cache: 0
  pin_top_level_index_and_filter: 1
  index_type: 0
  data_block_index_type: 0
  index_shortening: 1
  data_block_hash_table_util_ratio: 0.750000
  hash_index_allow_collision: 1
  checksum: 1
  no_block_cache: 0
  block_cache: 0x559c5697acb0
  block_cache_name: LRUCache
  block_cache_options:
    capacity : 8388608
    num_shard_bits : 4
    strict_capacity_limit : 0
    memory_allocator : None
    high_pri_pool_ratio: 0.000
  block_cache_compressed: (nil)
  persistent_cache: (nil)
  block_size: 4096
  block_size_deviation: 10
  block_restart_interval: 16
  index_block_restart_interval: 1
  metadata_block_size: 4096
  partition_filters: 0
  use_delta_encoding: 1
  filter_policy: nullptr
  whole_key_filtering: 1
  verify_compression: 0
  read_amp_bytes_per_bit: 0
  format_version: 4
  enable_index_compression: 1
  block_align: 0
2023/01/21-21:00:56.904586 7f299ae40ac0        Options.write_buffer_size: 67108864
2023/01/21-21:00:56.904587 7f299ae40ac0  Options.max_write_buffer_number: 2
2023/01/21-21:00:56.904588 7f299ae40ac0          Options.compression: Snappy
2023/01/21-21:00:56.904588 7f299ae40ac0                  Options.bottommost_compression: Disabled
2023/01/21-21:00:56.904589 7f299ae40ac0       Options.prefix_extractor: nullptr
2023/01/21-21:00:56.904589 7f299ae40ac0   Options.memtable_insert_with_hint_prefix_extractor: nullptr
2023/01/21-21:00:56.904589 7f299ae40ac0             Options.num_levels: 7
2023/01/21-21:00:56.904590 7f299ae40ac0        Options.min_write_buffer_number_to_merge: 1
2023/01/21-21:00:56.904590 7f299ae40ac0     Options.max_write_buffer_number_to_maintain: 0
2023/01/21-21:00:56.904591 7f299ae40ac0     Options.max_write_buffer_size_to_maintain: 0
2023/01/21-21:00:56.904591 7f299ae40ac0            Options.bottommost_compression_opts.window_bits: -14
2023/01/21-21:00:56.904592 7f299ae40ac0                  Options.bottommost_compression_opts.level: 32767
2023/01/21-21:00:56.904592 7f299ae40ac0               Options.bottommost_compression_opts.strategy: 0
2023/01/21-21:00:56.904592 7f299ae40ac0         Options.bottommost_compression_opts.max_dict_bytes: 0
2023/01/21-21:00:56.904602 7f299ae40ac0         Options.bottommost_compression_opts.zstd_max_train_bytes: 0
2023/01/21-21:00:56.904602 7f299ae40ac0         Options.bottommost_compression_opts.parallel_threads: 1
2023/01/21-21:00:56.904603 7f299ae40ac0                  Options.bottommost_compression_opts.enabled: false
2023/01/21-21:00:56.904603 7f299ae40ac0            Options.compression_opts.window_bits: -14
2023/01/21-21:00:56.904604 7f299ae40ac0                  Options.compression_opts.level: 32767
2023/01/21-21:00:56.904604 7f299ae40ac0               Options.compression_opts.strategy: 0
2023/01/21-21:00:56.904604 7f299ae40ac0         Options.compression_opts.max_dict_bytes: 0
2023/01/21-21:00:56.904605 7f299ae40ac0         Options.compression_opts.zstd_max_train_bytes: 0
2023/01/21-21:00:56.904605 7f299ae40ac0         Options.compression_opts.parallel_threads: 1
2023/01/21-21:00:56.904606 7f299ae40ac0                  Options.compression_opts.enabled: false
2023/01/21-21:00:56.904606 7f299ae40ac0      Options.level0_file_num_compaction_trigger: 4
2023/01/21-21:00:56.904606 7f299ae40ac0          Options.level0_slowdown_writes_trigger: 20
2023/01/21-21:00:56.904607 7f299ae40ac0              Options.level0_stop_writes_trigger: 36
2023/01/21-21:00:56.904607 7f299ae40ac0                   Options.target_file_size_base: 67108864
2023/01/21-21:00:56.904608 7f299ae40ac0             Options.target_file_size_multiplier: 1
2023/01/21-21:00:56.904608 7f299ae40ac0                Options.max_bytes_for_level_base: 268435456
2023/01/21-21:00:56.904608 7f299ae40ac0 Options.level_compaction_dynamic_level_bytes: 0
2023/01/21-21:00:56.904609 7f299ae40ac0          Options.max_bytes_for_level_multiplier: 10.000000
2023/01/21-21:00:56.904610 7f299ae40ac0 Options.max_bytes_for_level_multiplier_addtl[0]: 1
2023/01/21-21:00:56.904611 7f299ae40ac0 Options.max_bytes_for_level_multiplier_addtl[1]: 1
2023/01/21-21:00:56.904611 7f299ae40ac0 Options.max_bytes_for_level_multiplier_addtl[2]: 1
2023/01/21-21:00:56.904611 7f299ae40ac0 Options.max_bytes_for_level_multiplier_addtl[3]: 1
2023/01/21-21:00:56.904612 7f299ae40ac0 Options.max_bytes_for_level_multiplier_addtl[4]: 1
2023/01/21-21:00:56.904612 7f299ae40ac0 Options.max_bytes_for_level_multiplier_addtl[5]: 1
2023/01/21-21:00:56.904613 7f299ae40ac0 Options.max_bytes_for_level_multiplier_addtl[6]: 1
2023/01/21-21:00:56.904613 7f299ae40ac0       Options.max_sequential_skip_in_iterations: 8
2023/01/21-21:00:56.904613 7f299ae40ac0                    Options.max_compaction_bytes: 1677721600
2023/01/21-21:00:56.904614 7f299ae40ac0                        Options.arena_block_size: 8388608
2023/01/21-21:00:56.904614 7f299ae40ac0   Options.soft_pending_compaction_bytes_limit: 68719476736
2023/01/21-21:00:56.904615 7f299ae40ac0   Options.hard_pending_compaction_bytes_limit: 274877906944
2023/01/21-21:00:56.904615 7f299ae40ac0       Options.rate_limit_delay_max_milliseconds: 100
2023/01/21-21:00:56.904616 7f299ae40ac0                Options.disable_auto_compactions: 0
2023/01/21-21:00:56.904617 7f299ae40ac0                        Options.compaction_style: kCompactionStyleLevel
2023/01/21-21:00:56.904618 7f299ae40ac0                          Options.compaction_pri: kMinOverlappingRatio
2023/01/21-21:00:56.904618 7f299ae40ac0 Options.compaction_options_universal.size_ratio: 1
2023/01/21-21:00:56.904619 7f299ae40ac0 Options.compaction_options_universal.min_merge_width: 2
2023/01/21-21:00:56.904619 7f299ae40ac0 Options.compaction_options_universal.max_merge_width: 4294967295
2023/01/21-21:00:56.904620 7f299ae40ac0 Options.compaction_options_universal.max_size_amplification_percent: 200
2023/01/21-21:00:56.904620 7f299ae40ac0 Options.compaction_options_universal.compression_size_percent: -1
2023/01/21-21:00:56.904621 7f299ae40ac0 Options.compaction_options_universal.stop_style: kCompactionStopStyleTotalSize
2023/01/21-21:00:56.904621 7f299ae40ac0 Options.compaction_options_fifo.max_table_files_size: 1073741824
2023/01/21-21:00:56.904621 7f299ae40ac0 Options.compaction_options_fifo.allow_compaction: 0
2023/01/21-21:00:56.904629 7f299ae40ac0                   Options.table_properties_collectors: 
2023/01/21-21:00:56.904630 7f299ae40ac0                   Options.inplace_update_support: 0
2023/01/21-21:00:56.904630 7f299ae40ac0                 Options.inplace_update_num_locks: 10000
2023/01/21-21:00:56.904631 7f299ae40ac0               Options.memtable_prefix_bloom_size_ratio: 0.000000
2023/01/21-21:00:56.904631 7f299ae40ac0               Options.memtable_whole_key_filtering: 0
2023/01/21-21:00:56.904632 7f299ae40ac0   Options.memtable_huge_page_size: 0
2023/01/21-21:00:56.904632 7f299ae40ac0                           Options.bloom_locality: 0
2023/01/21-21:00:56.904633 7f299ae40ac0                    Options.max_successive_merges: 0
2023/01/21-21:00:56.904633 7f299ae40ac0                Options.optimize_filters_for_hits: 0
2023/01/21-21:00:56.904633 7f299ae40ac0                Options.paranoid_file_checks: 0
2023/01/21-21:00:56.904634 7f299ae40ac0                Options.force_consistency_checks: 1
2023/01/21-21:00:56.904634 7f299ae40ac0                Options.report_bg_io_stats: 0
2023/01/21-21:00:56.904634 7f299ae40ac0                               Options.ttl: 2592000
2023/01/21-21:00:56.904635 7f299ae40ac0          Options.periodic_compaction_seconds: 0
2023/01/21-21:00:56.904635 7f299ae40ac0                    Options.enable_blob_files: false
2023/01/21-21:00:56.904636 7f299ae40ac0                        Options.min_blob_size: 0
2023/01/21-21:00:56.904636 7f299ae40ac0                       Options.blob_file_size: 268435456
2023/01/21-21:00:56.904637 7f299ae40ac0                Options.blob_compression_type: NoCompression
2023/01/21-21:00:56.904637 7f299ae40ac0       Options.enable_blob_garbage_collection: false
2023/01/21-21:00:56.904637 7f299ae40ac0   Options.blob_garbage_collection_age_cutoff: 0.250000
2023/01/21-21:00:56.905894 7f299ae40ac0 [db/version_set.cc:4798] Recovered from manifest file:/home/lennin/dao_bootcamp/core-project-starter/.dfx/network/local/state/replicated_state/node-100/ic_consensus_pool/consensus/MANIFEST-000001 succeeded,manifest_file_number is 1, next_file_number is 3, last_sequence is 0, log_number is 0,prev_log_number is 0,max_column_family is 0,min_log_number_to_keep is 0
2023/01/21-21:00:56.905897 7f299ae40ac0 [db/version_set.cc:4813] Column family [default] (ID 0), log number is 0
2023/01/21-21:00:56.905931 7f299ae40ac0 [db/version_set.cc:4112] Creating manifest 3
2023/01/21-21:00:56.911950 7f299ae40ac0 [db/column_family.cc:595] --------------- Options for column family [RB]:
2023/01/21-21:00:56.911953 7f299ae40ac0               Options.comparator: leveldb.BytewiseComparator
2023/01/21-21:00:56.911954 7f299ae40ac0           Options.merge_operator: None
2023/01/21-21:00:56.911955 7f299ae40ac0        Options.compaction_filter: filter_outdated
2023/01/21-21:00:56.911956 7f299ae40ac0        Options.compaction_filter_factory: None
2023/01/21-21:00:56.911956 7f299ae40ac0  Options.sst_partitioner_factory: None
2023/01/21-21:00:56.911957 7f299ae40ac0         Options.memtable_factory: SkipListFactory
2023/01/21-21:00:56.911957 7f299ae40ac0            Options.table_factory: BlockBasedTable
2023/01/21-21:00:56.911970 7f299ae40ac0            table_factory options:   flush_block_policy_factory: FlushBlockBySizePolicyFactory (0x559c56956560)
  cache_index_and_filter_blocks: 0
  cache_index_and_filter_blocks_with_high_priority: 1
  pin_l0_filter_and_index_blocks_in_cache: 0
  pin_top_level_index_and_filter: 1
  index_type: 0
  data_block_index_type: 0
  index_shortening: 1
  data_block_hash_table_util_ratio: 0.750000
  hash_index_allow_collision: 1
  checksum: 1
  no_block_cache: 0
  block_cache: 0x559c56961230
  block_cache_name: LRUCache
  block_cache_options:
    capacity : 8388608
    num_shard_bits : 4
    strict_capacity_limit : 0
    memory_allocator : None
    high_pri_pool_ratio: 0.000
  block_cache_compressed: (nil)
  persistent_cache: (nil)
  block_size: 4096
  block_size_deviation: 10
  block_restart_interval: 16
  index_block_restart_interval: 1
  metadata_block_size: 4096
  partition_filters: 0
  use_delta_encoding: 1
  filter_policy: nullptr
  whole_key_filtering: 1
  verify_compression: 0
  read_amp_bytes_per_bit: 0
  format_version: 4
  enable_index_compression: 1
  block_align: 0
2023/01/21-21:00:56.911971 7f299ae40ac0        Options.write_buffer_size: 67108864
2023/01/21-21:00:56.911971 7f299ae40ac0  Options.max_write_buffer_number: 2
2023/01/21-21:00:56.911972 7f299ae40ac0          Options.compression: NoCompression
2023/01/21-21:00:56.911972 7f299ae40ac0                  Options.bottommost_compression: Disabled
2023/01/21-21:00:56.911973 7f299ae40ac0       Options.prefix_extractor: nullptr
2023/01/21-21:00:56.911973 7f299ae40ac0   Options.memtable_insert_with_hint_prefix_extractor: nullptr
2023/01/21-21:00:56.911974 7f299ae40ac0             Options.num_levels: 7
2023/01/21-21:00:56.911974 7f299ae40ac0        Options.min_write_buffer_number_to_merge: 1
2023/01/21-21:00:56.911974 7f299ae40ac0     Options.max_write_buffer_number_to_maintain: 0
2023/01/21-21:00:56.911975 7f299ae40ac0     Options.max_write_buffer_size_to_maintain: 0
2023/01/21-21:00:56.911975 7f299ae40ac0            Options.bottommost_compression_opts.window_bits: -14
2023/01/21-21:00:56.911976 7f299ae40ac0                  Options.bottommost_compression_opts.level: 32767
2023/01/21-21:00:56.911976 7f299ae40ac0               Options.bottommost_compression_opts.strategy: 0
2023/01/21-21:00:56.911977 7f299ae40ac0         Options.bottommost_compression_opts.max_dict_bytes: 0
2023/01/21-21:00:56.911977 7f299ae40ac0         Options.bottommost_compression_opts.zstd_max_train_bytes: 0
2023/01/21-21:00:56.911977 7f299ae40ac0         Options.bottommost_compression_opts.parallel_threads: 1
2023/01/21-21:00:56.911978 7f299ae40ac0                  Options.bottommost_compression_opts.enabled: false
2023/01/21-21:00:56.911978 7f299ae40ac0            Options.compression_opts.window_bits: -14
2023/01/21-21:00:56.911979 7f299ae40ac0                  Options.compression_opts.level: 32767
2023/01/21-21:00:56.911979 7f299ae40ac0               Options.compression_opts.strategy: 0
2023/01/21-21:00:56.911979 7f299ae40ac0         Options.compression_opts.max_dict_bytes: 0
2023/01/21-21:00:56.911980 7f299ae40ac0         Options.compression_opts.zstd_max_train_bytes: 0
2023/01/21-21:00:56.911980 7f299ae40ac0         Options.compression_opts.parallel_threads: 1
2023/01/21-21:00:56.911981 7f299ae40ac0                  Options.compression_opts.enabled: false
2023/01/21-21:00:56.911986 7f299ae40ac0      Options.level0_file_num_compaction_trigger: 4
2023/01/21-21:00:56.911987 7f299ae40ac0          Options.level0_slowdown_writes_trigger: 20
2023/01/21-21:00:56.911987 7f299ae40ac0              Options.level0_stop_writes_trigger: 36
2023/01/21-21:00:56.911988 7f299ae40ac0                   Options.target_file_size_base: 67108864
2023/01/21-21:00:56.911988 7f299ae40ac0             Options.target_file_size_multiplier: 1
2023/01/21-21:00:56.911988 7f299ae40ac0                Options.max_bytes_for_level_base: 268435456
2023/01/21-21:00:56.911989 7f299ae40ac0 Options.level_compaction_dynamic_level_bytes: 0
2023/01/21-21:00:56.911989 7f299ae40ac0          Options.max_bytes_for_level_multiplier: 10.000000
2023/01/21-21:00:56.911990 7f299ae40ac0 Options.max_bytes_for_level_multiplier_addtl[0]: 1
2023/01/21-21:00:56.911991 7f299ae40ac0 Options.max_bytes_for_level_multiplier_addtl[1]: 1
2023/01/21-21:00:56.911991 7f299ae40ac0 Options.max_bytes_for_level_multiplier_addtl[2]: 1
2023/01/21-21:00:56.911992 7f299ae40ac0 Options.max_bytes_for_level_multiplier_addtl[3]: 1
2023/01/21-21:00:56.911992 7f299ae40ac0 Options.max_bytes_for_level_multiplier_addtl[4]: 1
2023/01/21-21:00:56.911992 7f299ae40ac0 Options.max_bytes_for_level_multiplier_addtl[5]: 1
2023/01/21-21:00:56.911993 7f299ae40ac0 Options.max_bytes_for_level_multiplier_addtl[6]: 1
2023/01/21-21:00:56.911993 7f299ae40ac0       Options.max_sequential_skip_in_iterations: 8
2023/01/21-21:00:56.911994 7f299ae40ac0                    Options.max_compaction_bytes: 1677721600
2023/01/21-21:00:56.911994 7f299ae40ac0                        Options.arena_block_size: 8388608
2023/01/21-21:00:56.911995 7f299ae40ac0   Options.soft_pending_compaction_bytes_limit: 68719476736
2023/01/21-21:00:56.911995 7f299ae40ac0   Options.hard_pending_compaction_bytes_limit: 274877906944
2023/01/21-21:00:56.911996 7f299ae40ac0       Options.rate_limit_delay_max_milliseconds: 100
2023/01/21-21:00:56.911996 7f299ae40ac0                Options.disable_auto_compactions: 1
2023/01/21-21:00:56.911997 7f299ae40ac0                        Options.compaction_style: kCompactionStyleLevel
2023/01/21-21:00:56.911998 7f299ae40ac0                          Options.compaction_pri: kMinOverlappingRatio
2023/01/21-21:00:56.911999 7f299ae40ac0 Options.compaction_options_universal.size_ratio: 1
2023/01/21-21:00:56.911999 7f299ae40ac0 Options.compaction_options_universal.min_merge_width: 2
2023/01/21-21:00:56.911999 7f299ae40ac0 Options.compaction_options_universal.max_merge_width: 4294967295
2023/01/21-21:00:56.912000 7f299ae40ac0 Options.compaction_options_universal.max_size_amplification_percent: 200
2023/01/21-21:00:56.912000 7f299ae40ac0 Options.compaction_options_universal.compression_size_percent: -1
2023/01/21-21:00:56.912001 7f299ae40ac0 Options.compaction_options_universal.stop_style: kCompactionStopStyleTotalSize
2023/01/21-21:00:56.912001 7f299ae40ac0 Options.compaction_options_fifo.max_table_files_size: 1073741824
2023/01/21-21:00:56.912002 7f299ae40ac0 Options.compaction_options_fifo.allow_compaction: 0
2023/01/21-21:00:56.912005 7f299ae40ac0                   Options.table_properties_collectors: 
2023/01/21-21:00:56.912006 7f299ae40ac0                   Options.inplace_update_support: 0
2023/01/21-21:00:56.912006 7f299ae40ac0                 Options.inplace_update_num_locks: 10000
2023/01/21-21:00:56.912007 7f299ae40ac0               Options.memtable_prefix_bloom_size_ratio: 0.000000
2023/01/21-21:00:56.912007 7f299ae40ac0               Options.memtable_whole_key_filtering: 0
2023/01/21-21:00:56.912008 7f299ae40ac0   Options.memtable_huge_page_size: 0
2023/01/21-21:00:56.912008 7f299ae40ac0                           Options.bloom_locality: 0
2023/01/21-21:00:56.912008 7f299ae40ac0                    Options.max_successive_merges: 0
2023/01/21-21:00:56.912009 7f299ae40ac0                Options.optimize_filters_for_hits: 0
2023/01/21-21:00:56.912009 7f299ae40ac0                Options.paranoid_file_checks: 0
2023/01/21-21:00:56.912010 7f299ae40ac0                Options.force_consistency_checks: 1
2023/01/21-21:00:56.912012 7f299ae40ac0                Options.report_bg_io_stats: 0
2023/01/21-21:00:56.912013 7f299ae40ac0                               Options.ttl: 2592000
2023/01/21-21:00:56.912013 7f299ae40ac0          Options.periodic_compaction_seconds: 2592000
2023/01/21-21:00:56.912014 7f299ae40ac0                    Options.enable_blob_files: false
2023/01/21-21:00:56.912014 7f299ae40ac0                        Options.min_blob_size: 0
2023/01/21-21:00:56.912015 7f299ae40ac0                       Options.blob_file_size: 268435456
2023/01/21-21:00:56.912015 7f299ae40ac0                Options.blob_compression_type: NoCompression
2023/01/21-21:00:56.912015 7f299ae40ac0       Options.enable_blob_garbage_collection: false
2023/01/21-21:00:56.912016 7f299ae40ac0   Options.blob_garbage_collection_age_cutoff: 0.250000
2023/01/21-21:00:56.912032 7f299ae40ac0 [db/db_impl/db_impl.cc:2654] Created column family [RB] (ID 1)
2023/01/21-21:00:56.915371 7f299ae40ac0 [db/column_family.cc:595] --------------- Options for column family [FZ]:
2023/01/21-21:00:56.915374 7f299ae40ac0               Options.comparator: leveldb.BytewiseComparator
2023/01/21-21:00:56.915374 7f299ae40ac0           Options.merge_operator: None
2023/01/21-21:00:56.915375 7f299ae40ac0        Options.compaction_filter: filter_outdated
2023/01/21-21:00:56.915376 7f299ae40ac0        Options.compaction_filter_factory: None
2023/01/21-21:00:56.915377 7f299ae40ac0  Options.sst_partitioner_factory: None
2023/01/21-21:00:56.915377 7f299ae40ac0         Options.memtable_factory: SkipListFactory
2023/01/21-21:00:56.915378 7f299ae40ac0            Options.table_factory: BlockBasedTable
2023/01/21-21:00:56.915389 7f299ae40ac0            table_factory options:   flush_block_policy_factory: FlushBlockBySizePolicyFactory (0x559c5695d930)
  cache_index_and_filter_blocks: 0
  cache_index_and_filter_blocks_with_high_priority: 1
  pin_l0_filter_and_index_blocks_in_cache: 0
  pin_top_level_index_and_filter: 1
  index_type: 0
  data_block_index_type: 0
  index_shortening: 1
  data_block_hash_table_util_ratio: 0.750000
  hash_index_allow_collision: 1
  checksum: 1
  no_block_cache: 0
  block_cache: 0x559c56963370
  block_cache_name: LRUCache
  block_cache_options:
    capacity : 8388608
    num_shard_bits : 4
    strict_capacity_limit : 0
    memory_allocator : None
    high_pri_pool_ratio: 0.000
  block_cache_compressed: (nil)
  persistent_cache: (nil)
  block_size: 4096
  block_size_deviation: 10
  block_restart_interval: 16
  index_block_restart_interval: 1
  metadata_block_size: 4096
  partition_filters: 0
  use_delta_encoding: 1
  filter_policy: nullptr
  whole_key_filtering: 1
  verify_compression: 0
  read_amp_bytes_per_bit: 0
  format_version: 4
  enable_index_compression: 1
  block_align: 0
2023/01/21-21:00:56.915390 7f299ae40ac0        Options.write_buffer_size: 67108864
2023/01/21-21:00:56.915390 7f299ae40ac0  Options.max_write_buffer_number: 2
2023/01/21-21:00:56.915391 7f299ae40ac0          Options.compression: NoCompression
2023/01/21-21:00:56.915391 7f299ae40ac0                  Options.bottommost_compression: Disabled
2023/01/21-21:00:56.915392 7f299ae40ac0       Options.prefix_extractor: nullptr
2023/01/21-21:00:56.915392 7f299ae40ac0   Options.memtable_insert_with_hint_prefix_extractor: nullptr
2023/01/21-21:00:56.915393 7f299ae40ac0             Options.num_levels: 7
2023/01/21-21:00:56.915393 7f299ae40ac0        Options.min_write_buffer_number_to_merge: 1
2023/01/21-21:00:56.915393 7f299ae40ac0     Options.max_write_buffer_number_to_maintain: 0
2023/01/21-21:00:56.915394 7f299ae40ac0     Options.max_write_buffer_size_to_maintain: 0
2023/01/21-21:00:56.915394 7f299ae40ac0            Options.bottommost_compression_opts.window_bits: -14
2023/01/21-21:00:56.915395 7f299ae40ac0                  Options.bottommost_compression_opts.level: 32767
2023/01/21-21:00:56.915395 7f299ae40ac0               Options.bottommost_compression_opts.strategy: 0
2023/01/21-21:00:56.915395 7f299ae40ac0         Options.bottommost_compression_opts.max_dict_bytes: 0
2023/01/21-21:00:56.915396 7f299ae40ac0         Options.bottommost_compression_opts.zstd_max_train_bytes: 0
2023/01/21-21:00:56.915396 7f299ae40ac0         Options.bottommost_compression_opts.parallel_threads: 1
2023/01/21-21:00:56.915397 7f299ae40ac0                  Options.bottommost_compression_opts.enabled: false
2023/01/21-21:00:56.915397 7f299ae40ac0            Options.compression_opts.window_bits: -14
2023/01/21-21:00:56.915397 7f299ae40ac0                  Options.compression_opts.level: 32767
2023/01/21-21:00:56.915398 7f299ae40ac0               Options.compression_opts.strategy: 0
2023/01/21-21:00:56.915398 7f299ae40ac0         Options.compression_opts.max_dict_bytes: 0
2023/01/21-21:00:56.915399 7f299ae40ac0         Options.compression_opts.zstd_max_train_bytes: 0
2023/01/21-21:00:56.915399 7f299ae40ac0         Options.compression_opts.parallel_threads: 1
2023/01/21-21:00:56.915399 7f299ae40ac0                  Options.compression_opts.enabled: false
2023/01/21-21:00:56.915403 7f299ae40ac0      Options.level0_file_num_compaction_trigger: 4
2023/01/21-21:00:56.915403 7f299ae40ac0          Options.level0_slowdown_writes_trigger: 20
2023/01/21-21:00:56.915404 7f299ae40ac0              Options.level0_stop_writes_trigger: 36
2023/01/21-21:00:56.915404 7f299ae40ac0                   Options.target_file_size_base: 67108864
2023/01/21-21:00:56.915405 7f299ae40ac0             Options.target_file_size_multiplier: 1
2023/01/21-21:00:56.915405 7f299ae40ac0                Options.max_bytes_for_level_base: 268435456
2023/01/21-21:00:56.915405 7f299ae40ac0 Options.level_compaction_dynamic_level_bytes: 0
2023/01/21-21:00:56.915406 7f299ae40ac0          Options.max_bytes_for_level_multiplier: 10.000000
2023/01/21-21:00:56.915407 7f299ae40ac0 Options.max_bytes_for_level_multiplier_addtl[0]: 1
2023/01/21-21:00:56.915407 7f299ae40ac0 Options.max_bytes_for_level_multiplier_addtl[1]: 1
2023/01/21-21:00:56.915408 7f299ae40ac0 Options.max_bytes_for_level_multiplier_addtl[2]: 1
2023/01/21-21:00:56.915408 7f299ae40ac0 Options.max_bytes_for_level_multiplier_addtl[3]: 1
2023/01/21-21:00:56.915409 7f299ae40ac0 Options.max_bytes_for_level_multiplier_addtl[4]: 1
2023/01/21-21:00:56.915409 7f299ae40ac0 Options.max_bytes_for_level_multiplier_addtl[5]: 1
2023/01/21-21:00:56.915409 7f299ae40ac0 Options.max_bytes_for_level_multiplier_addtl[6]: 1
2023/01/21-21:00:56.915410 7f299ae40ac0       Options.max_sequential_skip_in_iterations: 8
2023/01/21-21:00:56.915410 7f299ae40ac0                    Options.max_compaction_bytes: 1677721600
2023/01/21-21:00:56.915411 7f299ae40ac0                        Options.arena_block_size: 8388608
2023/01/21-21:00:56.915411 7f299ae40ac0   Options.soft_pending_compaction_bytes_limit: 68719476736
2023/01/21-21:00:56.915411 7f299ae40ac0   Options.hard_pending_compaction_bytes_limit: 274877906944
2023/01/21-21:00:56.915412 7f299ae40ac0       Options.rate_limit_delay_max_milliseconds: 100
2023/01/21-21:00:56.915412 7f299ae40ac0                Options.disable_auto_compactions: 1
2023/01/21-21:00:56.915413 7f299ae40ac0                        Options.compaction_style: kCompactionStyleLevel
2023/01/21-21:00:56.915414 7f299ae40ac0                          Options.compaction_pri: kMinOverlappingRatio
2023/01/21-21:00:56.915414 7f299ae40ac0 Options.compaction_options_universal.size_ratio: 1
2023/01/21-21:00:56.915414 7f299ae40ac0 Options.compaction_options_universal.min_merge_width: 2
2023/01/21-21:00:56.915415 7f299ae40ac0 Options.compaction_options_universal.max_merge_width: 4294967295
2023/01/21-21:00:56.915415 7f299ae40ac0 Options.compaction_options_universal.max_size_amplification_percent: 200
2023/01/21-21:00:56.915416 7f299ae40ac0 Options.compaction_options_universal.compression_size_percent: -1
2023/01/21-21:00:56.915416 7f299ae40ac0 Options.compaction_options_universal.stop_style: kCompactionStopStyleTotalSize
2023/01/21-21:00:56.915416 7f299ae40ac0 Options.compaction_options_fifo.max_table_files_size: 1073741824
2023/01/21-21:00:56.915417 7f299ae40ac0 Options.compaction_options_fifo.allow_compaction: 0
2023/01/21-21:00:56.915419 7f299ae40ac0                   Options.table_properties_collectors: 
2023/01/21-21:00:56.915419 7f299ae40ac0                   Options.inplace_update_support: 0
2023/01/21-21:00:56.915420 7f299ae40ac0                 Options.inplace_update_num_locks: 10000
2023/01/21-21:00:56.915420 7f299ae40ac0               Options.memtable_prefix_bloom_size_ratio: 0.000000
2023/01/21-21:00:56.915421 7f299ae40ac0               Options.memtable_whole_key_filtering: 0
2023/01/21-21:00:56.915421 7f299ae40ac0   Options.memtable_huge_page_size: 0
2023/01/21-21:00:56.915422 7f299ae40ac0                           Options.bloom_locality: 0
2023/01/21-21:00:56.915422 7f299ae40ac0                    Options.max_successive_merges: 0
2023/01/21-21:00:56.915422 7f299ae40ac0                Options.optimize_filters_for_hits: 0
2023/01/21-21:00:56.915423 7f299ae40ac0                Options.paranoid_file_checks: 0
2023/01/21-21:00:56.915423 7f299ae40ac0                Options.force_consistency_checks: 1
2023/01/21-21:00:56.915426 7f299ae40ac0                Options.report_bg_io_stats: 0
2023/01/21-21:00:56.915426 7f299ae40ac0                               Options.ttl: 2592000
2023/01/21-21:00:56.915427 7f299ae40ac0          Options.periodic_compaction_seconds: 2592000
2023/01/21-21:00:56.915427 7f299ae40ac0                    Options.enable_blob_files: false
2023/01/21-21:00:56.915428 7f299ae40ac0                        Options.min_blob_size: 0
2023/01/21-21:00:56.915428 7f299ae40ac0                       Options.blob_file_size: 268435456
2023/01/21-21:00:56.915429 7f299ae40ac0                Options.blob_compression_type: NoCompression
2023/01/21-21:00:56.915429 7f299ae40ac0       Options.enable_blob_garbage_collection: false
2023/01/21-21:00:56.915429 7f299ae40ac0   Options.blob_garbage_collection_age_cutoff: 0.250000
2023/01/21-21:00:56.915443 7f299ae40ac0 [db/db_impl/db_impl.cc:2654] Created column family [FZ] (ID 2)
2023/01/21-21:00:56.918360 7f299ae40ac0 [db/column_family.cc:595] --------------- Options for column family [NZ]:
2023/01/21-21:00:56.918362 7f299ae40ac0               Options.comparator: leveldb.BytewiseComparator
2023/01/21-21:00:56.918363 7f299ae40ac0           Options.merge_operator: None
2023/01/21-21:00:56.918364 7f299ae40ac0        Options.compaction_filter: filter_outdated
2023/01/21-21:00:56.918365 7f299ae40ac0        Options.compaction_filter_factory: None
2023/01/21-21:00:56.918365 7f299ae40ac0  Options.sst_partitioner_factory: None
2023/01/21-21:00:56.918366 7f299ae40ac0         Options.memtable_factory: SkipListFactory
2023/01/21-21:00:56.918367 7f299ae40ac0            Options.table_factory: BlockBasedTable
2023/01/21-21:00:56.918380 7f299ae40ac0            table_factory options:   flush_block_policy_factory: FlushBlockBySizePolicyFactory (0x559c5695db20)
  cache_index_and_filter_blocks: 0
  cache_index_and_filter_blocks_with_high_priority: 1
  pin_l0_filter_and_index_blocks_in_cache: 0
  pin_top_level_index_and_filter: 1
  index_type: 0
  data_block_index_type: 0
  index_shortening: 1
  data_block_hash_table_util_ratio: 0.750000
  hash_index_allow_collision: 1
  checksum: 1
  no_block_cache: 0
  block_cache: 0x559c569654b0
  block_cache_name: LRUCache
  block_cache_options:
    capacity : 8388608
    num_shard_bits : 4
    strict_capacity_limit : 0
    memory_allocator : None
    high_pri_pool_ratio: 0.000
  block_cache_compressed: (nil)
  persistent_cache: (nil)
  block_size: 4096
  block_size_deviation: 10
  block_restart_interval: 16
  index_block_restart_interval: 1
  metadata_block_size: 4096
  partition_filters: 0
  use_delta_encoding: 1
  filter_policy: nullptr
  whole_key_filtering: 1
  verify_compression: 0
  read_amp_bytes_per_bit: 0
  format_version: 4
  enable_index_compression: 1
  block_align: 0
2023/01/21-21:00:56.918381 7f299ae40ac0        Options.write_buffer_size: 67108864
2023/01/21-21:00:56.918382 7f299ae40ac0  Options.max_write_buffer_number: 2
2023/01/21-21:00:56.918382 7f299ae40ac0          Options.compression: NoCompression
2023/01/21-21:00:56.918383 7f299ae40ac0                  Options.bottommost_compression: Disabled
2023/01/21-21:00:56.918383 7f299ae40ac0       Options.prefix_extractor: nullptr
2023/01/21-21:00:56.918383 7f299ae40ac0   Options.memtable_insert_with_hint_prefix_extractor: nullptr
2023/01/21-21:00:56.918384 7f299ae40ac0             Options.num_levels: 7
2023/01/21-21:00:56.918384 7f299ae40ac0        Options.min_write_buffer_number_to_merge: 1
2023/01/21-21:00:56.918385 7f299ae40ac0     Options.max_write_buffer_number_to_maintain: 0
