2023/01/22-12:34:32.983495 7f96a8b37ac0 RocksDB version: 6.17.0
2023/01/22-12:34:32.983626 7f96a8b37ac0 Git sha 0
2023/01/22-12:34:32.983656 7f96a8b37ac0 DB SUMMARY
2023/01/22-12:34:32.983657 7f96a8b37ac0 DB Session ID:  I98Q0ZFLOZ0HG72Y3RWL
2023/01/22-12:34:32.983679 7f96a8b37ac0 CURRENT file:  CURRENT
2023/01/22-12:34:32.983680 7f96a8b37ac0 IDENTITY file:  IDENTITY
2023/01/22-12:34:32.983682 7f96a8b37ac0 MANIFEST file:  MANIFEST-000240 size: 6338 Bytes
2023/01/22-12:34:32.983683 7f96a8b37ac0 SST files in /home/lennin/dao_bootcamp/core-project-starter/.dfx/network/local/state/replicated_state/node-100/ic_consensus_pool/consensus dir, Total Num: 12, files: 000244.sst 000245.sst 000246.sst 000247.sst 000248.sst 000249.sst 000250.sst 000251.sst 000252.sst 
2023/01/22-12:34:32.983683 7f96a8b37ac0 Write Ahead Log file in /home/lennin/dao_bootcamp/core-project-starter/.dfx/network/local/state/replicated_state/node-100/ic_consensus_pool/consensus: 000241.log size: 245852 ; 
2023/01/22-12:34:32.983684 7f96a8b37ac0                         Options.error_if_exists: 0
2023/01/22-12:34:32.983685 7f96a8b37ac0                       Options.create_if_missing: 1
2023/01/22-12:34:32.983685 7f96a8b37ac0                         Options.paranoid_checks: 1
2023/01/22-12:34:32.983686 7f96a8b37ac0                               Options.track_and_verify_wals_in_manifest: 0
2023/01/22-12:34:32.983686 7f96a8b37ac0                                     Options.env: 0x55845b1c89c0
2023/01/22-12:34:32.983687 7f96a8b37ac0                                      Options.fs: Posix File System
2023/01/22-12:34:32.983687 7f96a8b37ac0                                Options.info_log: 0x5584a18e93c0
2023/01/22-12:34:32.983688 7f96a8b37ac0                Options.max_file_opening_threads: 16
2023/01/22-12:34:32.983688 7f96a8b37ac0                              Options.statistics: (nil)
2023/01/22-12:34:32.983689 7f96a8b37ac0                               Options.use_fsync: 1
2023/01/22-12:34:32.983689 7f96a8b37ac0                       Options.max_log_file_size: 0
2023/01/22-12:34:32.983690 7f96a8b37ac0                  Options.max_manifest_file_size: 1073741824
2023/01/22-12:34:32.983690 7f96a8b37ac0                   Options.log_file_time_to_roll: 0
2023/01/22-12:34:32.983691 7f96a8b37ac0                       Options.keep_log_file_num: 1000
2023/01/22-12:34:32.983691 7f96a8b37ac0                    Options.recycle_log_file_num: 0
2023/01/22-12:34:32.983692 7f96a8b37ac0                         Options.allow_fallocate: 1
2023/01/22-12:34:32.983692 7f96a8b37ac0                        Options.allow_mmap_reads: 0
2023/01/22-12:34:32.983692 7f96a8b37ac0                       Options.allow_mmap_writes: 0
2023/01/22-12:34:32.983693 7f96a8b37ac0                        Options.use_direct_reads: 0
2023/01/22-12:34:32.983693 7f96a8b37ac0                        Options.use_direct_io_for_flush_and_compaction: 0
2023/01/22-12:34:32.983694 7f96a8b37ac0          Options.create_missing_column_families: 1
2023/01/22-12:34:32.983694 7f96a8b37ac0                              Options.db_log_dir: 
2023/01/22-12:34:32.983695 7f96a8b37ac0                                 Options.wal_dir: /home/lennin/dao_bootcamp/core-project-starter/.dfx/network/local/state/replicated_state/node-100/ic_consensus_pool/consensus
2023/01/22-12:34:32.983695 7f96a8b37ac0                Options.table_cache_numshardbits: 6
2023/01/22-12:34:32.983695 7f96a8b37ac0                         Options.WAL_ttl_seconds: 0
2023/01/22-12:34:32.983696 7f96a8b37ac0                       Options.WAL_size_limit_MB: 0
2023/01/22-12:34:32.983696 7f96a8b37ac0                        Options.max_write_batch_group_size_bytes: 1048576
2023/01/22-12:34:32.983697 7f96a8b37ac0             Options.manifest_preallocation_size: 4194304
2023/01/22-12:34:32.983697 7f96a8b37ac0                     Options.is_fd_close_on_exec: 1
2023/01/22-12:34:32.983698 7f96a8b37ac0                   Options.advise_random_on_open: 1
2023/01/22-12:34:32.983698 7f96a8b37ac0                    Options.db_write_buffer_size: 0
2023/01/22-12:34:32.983698 7f96a8b37ac0                    Options.write_buffer_manager: 0x5584a190c750
2023/01/22-12:34:32.983739 7f96a8b37ac0         Options.access_hint_on_compaction_start: 1
2023/01/22-12:34:32.983741 7f96a8b37ac0  Options.new_table_reader_for_compaction_inputs: 0
2023/01/22-12:34:32.983741 7f96a8b37ac0           Options.random_access_max_buffer_size: 1048576
2023/01/22-12:34:32.983742 7f96a8b37ac0                      Options.use_adaptive_mutex: 0
2023/01/22-12:34:32.983742 7f96a8b37ac0                            Options.rate_limiter: (nil)
2023/01/22-12:34:32.983743 7f96a8b37ac0     Options.sst_file_manager.rate_bytes_per_sec: 0
2023/01/22-12:34:32.983744 7f96a8b37ac0                       Options.wal_recovery_mode: 2
2023/01/22-12:34:32.983744 7f96a8b37ac0                  Options.enable_thread_tracking: 0
2023/01/22-12:34:32.983745 7f96a8b37ac0                  Options.enable_pipelined_write: 0
2023/01/22-12:34:32.983745 7f96a8b37ac0                  Options.unordered_write: 0
2023/01/22-12:34:32.983746 7f96a8b37ac0         Options.allow_concurrent_memtable_write: 1
2023/01/22-12:34:32.983746 7f96a8b37ac0      Options.enable_write_thread_adaptive_yield: 1
2023/01/22-12:34:32.983746 7f96a8b37ac0             Options.write_thread_max_yield_usec: 100
2023/01/22-12:34:32.983747 7f96a8b37ac0            Options.write_thread_slow_yield_usec: 3
2023/01/22-12:34:32.983747 7f96a8b37ac0                               Options.row_cache: None
2023/01/22-12:34:32.983748 7f96a8b37ac0                              Options.wal_filter: None
2023/01/22-12:34:32.983748 7f96a8b37ac0             Options.avoid_flush_during_recovery: 0
2023/01/22-12:34:32.983749 7f96a8b37ac0             Options.allow_ingest_behind: 0
2023/01/22-12:34:32.983749 7f96a8b37ac0             Options.preserve_deletes: 0
2023/01/22-12:34:32.983750 7f96a8b37ac0             Options.two_write_queues: 0
2023/01/22-12:34:32.983750 7f96a8b37ac0             Options.manual_wal_flush: 0
2023/01/22-12:34:32.983750 7f96a8b37ac0             Options.atomic_flush: 0
2023/01/22-12:34:32.983751 7f96a8b37ac0             Options.avoid_unnecessary_blocking_io: 0
2023/01/22-12:34:32.983751 7f96a8b37ac0                 Options.persist_stats_to_disk: 0
2023/01/22-12:34:32.983752 7f96a8b37ac0                 Options.write_dbid_to_manifest: 0
2023/01/22-12:34:32.983752 7f96a8b37ac0                 Options.log_readahead_size: 0
2023/01/22-12:34:32.983753 7f96a8b37ac0                 Options.file_checksum_gen_factory: Unknown
2023/01/22-12:34:32.983753 7f96a8b37ac0                 Options.best_efforts_recovery: 0
2023/01/22-12:34:32.983754 7f96a8b37ac0                Options.max_bgerror_resume_count: 2147483647
2023/01/22-12:34:32.983754 7f96a8b37ac0            Options.bgerror_resume_retry_interval: 1000000
2023/01/22-12:34:32.983755 7f96a8b37ac0             Options.allow_data_in_errors: 0
2023/01/22-12:34:32.983755 7f96a8b37ac0             Options.db_host_id: __hostname__
2023/01/22-12:34:32.983755 7f96a8b37ac0             Options.max_background_jobs: 2
2023/01/22-12:34:32.983756 7f96a8b37ac0             Options.max_background_compactions: -1
2023/01/22-12:34:32.983756 7f96a8b37ac0             Options.max_subcompactions: 1
2023/01/22-12:34:32.983757 7f96a8b37ac0             Options.avoid_flush_during_shutdown: 0
2023/01/22-12:34:32.983757 7f96a8b37ac0           Options.writable_file_max_buffer_size: 1048576
2023/01/22-12:34:32.983758 7f96a8b37ac0             Options.delayed_write_rate : 16777216
2023/01/22-12:34:32.983758 7f96a8b37ac0             Options.max_total_wal_size: 0
2023/01/22-12:34:32.983758 7f96a8b37ac0             Options.delete_obsolete_files_period_micros: 21600000000
2023/01/22-12:34:32.983759 7f96a8b37ac0                   Options.stats_dump_period_sec: 600
2023/01/22-12:34:32.983759 7f96a8b37ac0                 Options.stats_persist_period_sec: 600
2023/01/22-12:34:32.983760 7f96a8b37ac0                 Options.stats_history_buffer_size: 1048576
2023/01/22-12:34:32.983760 7f96a8b37ac0                          Options.max_open_files: -1
2023/01/22-12:34:32.983761 7f96a8b37ac0                          Options.bytes_per_sync: 0
2023/01/22-12:34:32.983761 7f96a8b37ac0                      Options.wal_bytes_per_sync: 0
2023/01/22-12:34:32.983799 7f96a8b37ac0                   Options.strict_bytes_per_sync: 0
2023/01/22-12:34:32.983800 7f96a8b37ac0       Options.compaction_readahead_size: 0
2023/01/22-12:34:32.983801 7f96a8b37ac0                  Options.max_background_flushes: -1
2023/01/22-12:34:32.983802 7f96a8b37ac0 Compression algorithms supported:
2023/01/22-12:34:32.983803 7f96a8b37ac0 	kZSTDNotFinalCompression supported: 1
2023/01/22-12:34:32.983805 7f96a8b37ac0 	kZSTD supported: 1
2023/01/22-12:34:32.983806 7f96a8b37ac0 	kXpressCompression supported: 0
2023/01/22-12:34:32.983806 7f96a8b37ac0 	kLZ4HCCompression supported: 1
2023/01/22-12:34:32.983807 7f96a8b37ac0 	kLZ4Compression supported: 1
2023/01/22-12:34:32.983807 7f96a8b37ac0 	kBZip2Compression supported: 1
2023/01/22-12:34:32.983808 7f96a8b37ac0 	kZlibCompression supported: 1
2023/01/22-12:34:32.983808 7f96a8b37ac0 	kSnappyCompression supported: 1
2023/01/22-12:34:32.983810 7f96a8b37ac0 Fast CRC32 supported: Supported on x86
2023/01/22-12:34:32.983842 7f96a8b37ac0 [db/version_set.cc:4758] Recovering from manifest file: /home/lennin/dao_bootcamp/core-project-starter/.dfx/network/local/state/replicated_state/node-100/ic_consensus_pool/consensus/MANIFEST-000240
2023/01/22-12:34:32.983913 7f96a8b37ac0 [db/column_family.cc:595] --------------- Options for column family [default]:
2023/01/22-12:34:32.983914 7f96a8b37ac0               Options.comparator: leveldb.BytewiseComparator
2023/01/22-12:34:32.983914 7f96a8b37ac0           Options.merge_operator: None
2023/01/22-12:34:32.983915 7f96a8b37ac0        Options.compaction_filter: None
2023/01/22-12:34:32.983915 7f96a8b37ac0        Options.compaction_filter_factory: None
2023/01/22-12:34:32.983916 7f96a8b37ac0  Options.sst_partitioner_factory: None
2023/01/22-12:34:32.983916 7f96a8b37ac0         Options.memtable_factory: SkipListFactory
2023/01/22-12:34:32.983917 7f96a8b37ac0            Options.table_factory: BlockBasedTable
2023/01/22-12:34:32.984191 7f96a8b37ac0            table_factory options:   flush_block_policy_factory: FlushBlockBySizePolicyFactory (0x5584a1908c60)
  cache_index_and_filter_blocks: 0
  cache_index_and_filter_blocks_with_high_priority: 1
  pin_l0_filter_and_index_blocks_in_cache: 0
  pin_top_level_index_and_filter: 1
  index_type: 0
  data_block_index_type: 0
  index_shortening: 1
  data_block_hash_table_util_ratio: 0.750000
  hash_index_allow_collision: 1
  checksum: 1
  no_block_cache: 0
  block_cache: 0x5584a1908cb0
  block_cache_name: LRUCache
  block_cache_options:
    capacity : 8388608
    num_shard_bits : 4
    strict_capacity_limit : 0
    memory_allocator : None
    high_pri_pool_ratio: 0.000
  block_cache_compressed: (nil)
  persistent_cache: (nil)
  block_size: 4096
  block_size_deviation: 10
  block_restart_interval: 16
  index_block_restart_interval: 1
  metadata_block_size: 4096
  partition_filters: 0
  use_delta_encoding: 1
  filter_policy: nullptr
  whole_key_filtering: 1
  verify_compression: 0
  read_amp_bytes_per_bit: 0
  format_version: 4
  enable_index_compression: 1
  block_align: 0
2023/01/22-12:34:32.984241 7f96a8b37ac0        Options.write_buffer_size: 67108864
2023/01/22-12:34:32.984243 7f96a8b37ac0  Options.max_write_buffer_number: 2
2023/01/22-12:34:32.984244 7f96a8b37ac0          Options.compression: Snappy
2023/01/22-12:34:32.984244 7f96a8b37ac0                  Options.bottommost_compression: Disabled
2023/01/22-12:34:32.984245 7f96a8b37ac0       Options.prefix_extractor: nullptr
2023/01/22-12:34:32.984246 7f96a8b37ac0   Options.memtable_insert_with_hint_prefix_extractor: nullptr
2023/01/22-12:34:32.984246 7f96a8b37ac0             Options.num_levels: 7
2023/01/22-12:34:32.984246 7f96a8b37ac0        Options.min_write_buffer_number_to_merge: 1
2023/01/22-12:34:32.984247 7f96a8b37ac0     Options.max_write_buffer_number_to_maintain: 0
2023/01/22-12:34:32.984247 7f96a8b37ac0     Options.max_write_buffer_size_to_maintain: 0
2023/01/22-12:34:32.984248 7f96a8b37ac0            Options.bottommost_compression_opts.window_bits: -14
2023/01/22-12:34:32.984306 7f96a8b37ac0                  Options.bottommost_compression_opts.level: 32767
2023/01/22-12:34:32.984308 7f96a8b37ac0               Options.bottommost_compression_opts.strategy: 0
2023/01/22-12:34:32.984308 7f96a8b37ac0         Options.bottommost_compression_opts.max_dict_bytes: 0
2023/01/22-12:34:32.984309 7f96a8b37ac0         Options.bottommost_compression_opts.zstd_max_train_bytes: 0
2023/01/22-12:34:32.984309 7f96a8b37ac0         Options.bottommost_compression_opts.parallel_threads: 1
2023/01/22-12:34:32.984310 7f96a8b37ac0                  Options.bottommost_compression_opts.enabled: false
2023/01/22-12:34:32.984310 7f96a8b37ac0            Options.compression_opts.window_bits: -14
2023/01/22-12:34:32.984311 7f96a8b37ac0                  Options.compression_opts.level: 32767
2023/01/22-12:34:32.984311 7f96a8b37ac0               Options.compression_opts.strategy: 0
2023/01/22-12:34:32.984312 7f96a8b37ac0         Options.compression_opts.max_dict_bytes: 0
2023/01/22-12:34:32.984312 7f96a8b37ac0         Options.compression_opts.zstd_max_train_bytes: 0
2023/01/22-12:34:32.984313 7f96a8b37ac0         Options.compression_opts.parallel_threads: 1
2023/01/22-12:34:32.984313 7f96a8b37ac0                  Options.compression_opts.enabled: false
2023/01/22-12:34:32.984313 7f96a8b37ac0      Options.level0_file_num_compaction_trigger: 4
2023/01/22-12:34:32.984314 7f96a8b37ac0          Options.level0_slowdown_writes_trigger: 20
2023/01/22-12:34:32.984314 7f96a8b37ac0              Options.level0_stop_writes_trigger: 36
2023/01/22-12:34:32.984315 7f96a8b37ac0                   Options.target_file_size_base: 67108864
2023/01/22-12:34:32.984315 7f96a8b37ac0             Options.target_file_size_multiplier: 1
2023/01/22-12:34:32.984316 7f96a8b37ac0                Options.max_bytes_for_level_base: 268435456
2023/01/22-12:34:32.984316 7f96a8b37ac0 Options.level_compaction_dynamic_level_bytes: 0
2023/01/22-12:34:32.984316 7f96a8b37ac0          Options.max_bytes_for_level_multiplier: 10.000000
2023/01/22-12:34:32.984318 7f96a8b37ac0 Options.max_bytes_for_level_multiplier_addtl[0]: 1
2023/01/22-12:34:32.984319 7f96a8b37ac0 Options.max_bytes_for_level_multiplier_addtl[1]: 1
2023/01/22-12:34:32.984319 7f96a8b37ac0 Options.max_bytes_for_level_multiplier_addtl[2]: 1
2023/01/22-12:34:32.984320 7f96a8b37ac0 Options.max_bytes_for_level_multiplier_addtl[3]: 1
2023/01/22-12:34:32.984320 7f96a8b37ac0 Options.max_bytes_for_level_multiplier_addtl[4]: 1
2023/01/22-12:34:32.984321 7f96a8b37ac0 Options.max_bytes_for_level_multiplier_addtl[5]: 1
2023/01/22-12:34:32.984321 7f96a8b37ac0 Options.max_bytes_for_level_multiplier_addtl[6]: 1
2023/01/22-12:34:32.984322 7f96a8b37ac0       Options.max_sequential_skip_in_iterations: 8
2023/01/22-12:34:32.984322 7f96a8b37ac0                    Options.max_compaction_bytes: 1677721600
2023/01/22-12:34:32.984322 7f96a8b37ac0                        Options.arena_block_size: 8388608
2023/01/22-12:34:32.984323 7f96a8b37ac0   Options.soft_pending_compaction_bytes_limit: 68719476736
2023/01/22-12:34:32.984324 7f96a8b37ac0   Options.hard_pending_compaction_bytes_limit: 274877906944
2023/01/22-12:34:32.984324 7f96a8b37ac0       Options.rate_limit_delay_max_milliseconds: 100
2023/01/22-12:34:32.984325 7f96a8b37ac0                Options.disable_auto_compactions: 0
2023/01/22-12:34:32.984326 7f96a8b37ac0                        Options.compaction_style: kCompactionStyleLevel
2023/01/22-12:34:32.984327 7f96a8b37ac0                          Options.compaction_pri: kMinOverlappingRatio
2023/01/22-12:34:32.984327 7f96a8b37ac0 Options.compaction_options_universal.size_ratio: 1
2023/01/22-12:34:32.984328 7f96a8b37ac0 Options.compaction_options_universal.min_merge_width: 2
2023/01/22-12:34:32.984328 7f96a8b37ac0 Options.compaction_options_universal.max_merge_width: 4294967295
2023/01/22-12:34:32.984329 7f96a8b37ac0 Options.compaction_options_universal.max_size_amplification_percent: 200
2023/01/22-12:34:32.984329 7f96a8b37ac0 Options.compaction_options_universal.compression_size_percent: -1
2023/01/22-12:34:32.984330 7f96a8b37ac0 Options.compaction_options_universal.stop_style: kCompactionStopStyleTotalSize
2023/01/22-12:34:32.984375 7f96a8b37ac0 Options.compaction_options_fifo.max_table_files_size: 1073741824
2023/01/22-12:34:32.984376 7f96a8b37ac0 Options.compaction_options_fifo.allow_compaction: 0
2023/01/22-12:34:32.984380 7f96a8b37ac0                   Options.table_properties_collectors: 
2023/01/22-12:34:32.984381 7f96a8b37ac0                   Options.inplace_update_support: 0
2023/01/22-12:34:32.984382 7f96a8b37ac0                 Options.inplace_update_num_locks: 10000
2023/01/22-12:34:32.984382 7f96a8b37ac0               Options.memtable_prefix_bloom_size_ratio: 0.000000
2023/01/22-12:34:32.984384 7f96a8b37ac0               Options.memtable_whole_key_filtering: 0
2023/01/22-12:34:32.984385 7f96a8b37ac0   Options.memtable_huge_page_size: 0
2023/01/22-12:34:32.984386 7f96a8b37ac0                           Options.bloom_locality: 0
2023/01/22-12:34:32.984387 7f96a8b37ac0                    Options.max_successive_merges: 0
2023/01/22-12:34:32.984388 7f96a8b37ac0                Options.optimize_filters_for_hits: 0
2023/01/22-12:34:32.984389 7f96a8b37ac0                Options.paranoid_file_checks: 0
2023/01/22-12:34:32.984389 7f96a8b37ac0                Options.force_consistency_checks: 1
2023/01/22-12:34:32.984391 7f96a8b37ac0                Options.report_bg_io_stats: 0
2023/01/22-12:34:32.984391 7f96a8b37ac0                               Options.ttl: 2592000
2023/01/22-12:34:32.984393 7f96a8b37ac0          Options.periodic_compaction_seconds: 0
2023/01/22-12:34:32.984394 7f96a8b37ac0                    Options.enable_blob_files: false
2023/01/22-12:34:32.984394 7f96a8b37ac0                        Options.min_blob_size: 0
2023/01/22-12:34:32.984396 7f96a8b37ac0                       Options.blob_file_size: 268435456
2023/01/22-12:34:32.984397 7f96a8b37ac0                Options.blob_compression_type: NoCompression
2023/01/22-12:34:32.984397 7f96a8b37ac0       Options.enable_blob_garbage_collection: false
2023/01/22-12:34:32.984398 7f96a8b37ac0   Options.blob_garbage_collection_age_cutoff: 0.250000
2023/01/22-12:34:32.984736 7f96a8b37ac0 [db/column_family.cc:595] --------------- Options for column family [RB]:
2023/01/22-12:34:32.984739 7f96a8b37ac0               Options.comparator: leveldb.BytewiseComparator
2023/01/22-12:34:32.984740 7f96a8b37ac0           Options.merge_operator: None
2023/01/22-12:34:32.984741 7f96a8b37ac0        Options.compaction_filter: filter_outdated
2023/01/22-12:34:32.984741 7f96a8b37ac0        Options.compaction_filter_factory: None
2023/01/22-12:34:32.984742 7f96a8b37ac0  Options.sst_partitioner_factory: None
2023/01/22-12:34:32.984742 7f96a8b37ac0         Options.memtable_factory: SkipListFactory
2023/01/22-12:34:32.984743 7f96a8b37ac0            Options.table_factory: BlockBasedTable
2023/01/22-12:34:32.984756 7f96a8b37ac0            table_factory options:   flush_block_policy_factory: FlushBlockBySizePolicyFactory (0x5584a18e4560)
  cache_index_and_filter_blocks: 0
  cache_index_and_filter_blocks_with_high_priority: 1
  pin_l0_filter_and_index_blocks_in_cache: 0
  pin_top_level_index_and_filter: 1
  index_type: 0
  data_block_index_type: 0
  index_shortening: 1
  data_block_hash_table_util_ratio: 0.750000
  hash_index_allow_collision: 1
  checksum: 1
  no_block_cache: 0
  block_cache: 0x5584a18ef230
  block_cache_name: LRUCache
  block_cache_options:
    capacity : 8388608
    num_shard_bits : 4
    strict_capacity_limit : 0
    memory_allocator : None
    high_pri_pool_ratio: 0.000
  block_cache_compressed: (nil)
  persistent_cache: (nil)
  block_size: 4096
  block_size_deviation: 10
  block_restart_interval: 16
  index_block_restart_interval: 1
  metadata_block_size: 4096
  partition_filters: 0
  use_delta_encoding: 1
  filter_policy: nullptr
  whole_key_filtering: 1
  verify_compression: 0
  read_amp_bytes_per_bit: 0
  format_version: 4
  enable_index_compression: 1
  block_align: 0
2023/01/22-12:34:32.984757 7f96a8b37ac0        Options.write_buffer_size: 67108864
2023/01/22-12:34:32.984758 7f96a8b37ac0  Options.max_write_buffer_number: 2
2023/01/22-12:34:32.984812 7f96a8b37ac0          Options.compression: NoCompression
2023/01/22-12:34:32.984826 7f96a8b37ac0                  Options.bottommost_compression: Disabled
2023/01/22-12:34:32.984826 7f96a8b37ac0       Options.prefix_extractor: nullptr
2023/01/22-12:34:32.984827 7f96a8b37ac0   Options.memtable_insert_with_hint_prefix_extractor: nullptr
2023/01/22-12:34:32.984828 7f96a8b37ac0             Options.num_levels: 7
2023/01/22-12:34:32.984829 7f96a8b37ac0        Options.min_write_buffer_number_to_merge: 1
2023/01/22-12:34:32.984830 7f96a8b37ac0     Options.max_write_buffer_number_to_maintain: 0
2023/01/22-12:34:32.984830 7f96a8b37ac0     Options.max_write_buffer_size_to_maintain: 0
2023/01/22-12:34:32.984831 7f96a8b37ac0            Options.bottommost_compression_opts.window_bits: -14
2023/01/22-12:34:32.984832 7f96a8b37ac0                  Options.bottommost_compression_opts.level: 32767
2023/01/22-12:34:32.984833 7f96a8b37ac0               Options.bottommost_compression_opts.strategy: 0
2023/01/22-12:34:32.984833 7f96a8b37ac0         Options.bottommost_compression_opts.max_dict_bytes: 0
2023/01/22-12:34:32.984834 7f96a8b37ac0         Options.bottommost_compression_opts.zstd_max_train_bytes: 0
2023/01/22-12:34:32.984835 7f96a8b37ac0         Options.bottommost_compression_opts.parallel_threads: 1
2023/01/22-12:34:32.984836 7f96a8b37ac0                  Options.bottommost_compression_opts.enabled: false
2023/01/22-12:34:32.984837 7f96a8b37ac0            Options.compression_opts.window_bits: -14
2023/01/22-12:34:32.984837 7f96a8b37ac0                  Options.compression_opts.level: 32767
2023/01/22-12:34:32.984838 7f96a8b37ac0               Options.compression_opts.strategy: 0
2023/01/22-12:34:32.984839 7f96a8b37ac0         Options.compression_opts.max_dict_bytes: 0
2023/01/22-12:34:32.984839 7f96a8b37ac0         Options.compression_opts.zstd_max_train_bytes: 0
2023/01/22-12:34:32.984840 7f96a8b37ac0         Options.compression_opts.parallel_threads: 1
2023/01/22-12:34:32.984841 7f96a8b37ac0                  Options.compression_opts.enabled: false
2023/01/22-12:34:32.984842 7f96a8b37ac0      Options.level0_file_num_compaction_trigger: 4
2023/01/22-12:34:32.984843 7f96a8b37ac0          Options.level0_slowdown_writes_trigger: 20
2023/01/22-12:34:32.984844 7f96a8b37ac0              Options.level0_stop_writes_trigger: 36
2023/01/22-12:34:32.984844 7f96a8b37ac0                   Options.target_file_size_base: 67108864
2023/01/22-12:34:32.984845 7f96a8b37ac0             Options.target_file_size_multiplier: 1
2023/01/22-12:34:32.984846 7f96a8b37ac0                Options.max_bytes_for_level_base: 268435456
2023/01/22-12:34:32.984847 7f96a8b37ac0 Options.level_compaction_dynamic_level_bytes: 0
2023/01/22-12:34:32.984847 7f96a8b37ac0          Options.max_bytes_for_level_multiplier: 10.000000
2023/01/22-12:34:32.984849 7f96a8b37ac0 Options.max_bytes_for_level_multiplier_addtl[0]: 1
2023/01/22-12:34:32.984850 7f96a8b37ac0 Options.max_bytes_for_level_multiplier_addtl[1]: 1
2023/01/22-12:34:32.984850 7f96a8b37ac0 Options.max_bytes_for_level_multiplier_addtl[2]: 1
2023/01/22-12:34:32.984850 7f96a8b37ac0 Options.max_bytes_for_level_multiplier_addtl[3]: 1
2023/01/22-12:34:32.984851 7f96a8b37ac0 Options.max_bytes_for_level_multiplier_addtl[4]: 1
2023/01/22-12:34:32.984851 7f96a8b37ac0 Options.max_bytes_for_level_multiplier_addtl[5]: 1
2023/01/22-12:34:32.984852 7f96a8b37ac0 Options.max_bytes_for_level_multiplier_addtl[6]: 1
2023/01/22-12:34:32.984852 7f96a8b37ac0       Options.max_sequential_skip_in_iterations: 8
2023/01/22-12:34:32.984853 7f96a8b37ac0                    Options.max_compaction_bytes: 1677721600
2023/01/22-12:34:32.984853 7f96a8b37ac0                        Options.arena_block_size: 8388608
2023/01/22-12:34:32.984854 7f96a8b37ac0   Options.soft_pending_compaction_bytes_limit: 68719476736
2023/01/22-12:34:32.984854 7f96a8b37ac0   Options.hard_pending_compaction_bytes_limit: 274877906944
2023/01/22-12:34:32.984854 7f96a8b37ac0       Options.rate_limit_delay_max_milliseconds: 100
2023/01/22-12:34:32.984861 7f96a8b37ac0                Options.disable_auto_compactions: 1
2023/01/22-12:34:32.984862 7f96a8b37ac0                        Options.compaction_style: kCompactionStyleLevel
2023/01/22-12:34:32.984863 7f96a8b37ac0                          Options.compaction_pri: kMinOverlappingRatio
2023/01/22-12:34:32.984864 7f96a8b37ac0 Options.compaction_options_universal.size_ratio: 1
2023/01/22-12:34:32.984864 7f96a8b37ac0 Options.compaction_options_universal.min_merge_width: 2
2023/01/22-12:34:32.984864 7f96a8b37ac0 Options.compaction_options_universal.max_merge_width: 4294967295
2023/01/22-12:34:32.984865 7f96a8b37ac0 Options.compaction_options_universal.max_size_amplification_percent: 200
2023/01/22-12:34:32.984865 7f96a8b37ac0 Options.compaction_options_universal.compression_size_percent: -1
2023/01/22-12:34:32.984866 7f96a8b37ac0 Options.compaction_options_universal.stop_style: kCompactionStopStyleTotalSize
2023/01/22-12:34:32.984866 7f96a8b37ac0 Options.compaction_options_fifo.max_table_files_size: 1073741824
2023/01/22-12:34:32.984867 7f96a8b37ac0 Options.compaction_options_fifo.allow_compaction: 0
2023/01/22-12:34:32.984869 7f96a8b37ac0                   Options.table_properties_collectors: 
2023/01/22-12:34:32.984870 7f96a8b37ac0                   Options.inplace_update_support: 0
2023/01/22-12:34:32.984870 7f96a8b37ac0                 Options.inplace_update_num_locks: 10000
2023/01/22-12:34:32.984871 7f96a8b37ac0               Options.memtable_prefix_bloom_size_ratio: 0.000000
2023/01/22-12:34:32.984871 7f96a8b37ac0               Options.memtable_whole_key_filtering: 0
2023/01/22-12:34:32.984872 7f96a8b37ac0   Options.memtable_huge_page_size: 0
2023/01/22-12:34:32.984872 7f96a8b37ac0                           Options.bloom_locality: 0
2023/01/22-12:34:32.984872 7f96a8b37ac0                    Options.max_successive_merges: 0
2023/01/22-12:34:32.984873 7f96a8b37ac0                Options.optimize_filters_for_hits: 0
2023/01/22-12:34:32.984873 7f96a8b37ac0                Options.paranoid_file_checks: 0
2023/01/22-12:34:32.984874 7f96a8b37ac0                Options.force_consistency_checks: 1
2023/01/22-12:34:32.984874 7f96a8b37ac0                Options.report_bg_io_stats: 0
2023/01/22-12:34:32.984875 7f96a8b37ac0                               Options.ttl: 2592000
2023/01/22-12:34:32.984875 7f96a8b37ac0          Options.periodic_compaction_seconds: 2592000
2023/01/22-12:34:32.984875 7f96a8b37ac0                    Options.enable_blob_files: false
2023/01/22-12:34:32.984876 7f96a8b37ac0                        Options.min_blob_size: 0
2023/01/22-12:34:32.984876 7f96a8b37ac0                       Options.blob_file_size: 268435456
2023/01/22-12:34:32.984877 7f96a8b37ac0                Options.blob_compression_type: NoCompression
2023/01/22-12:34:32.984877 7f96a8b37ac0       Options.enable_blob_garbage_collection: false
2023/01/22-12:34:32.984878 7f96a8b37ac0   Options.blob_garbage_collection_age_cutoff: 0.250000
2023/01/22-12:34:32.984907 7f96a8b37ac0 [db/column_family.cc:595] --------------- Options for column family [FZ]:
2023/01/22-12:34:32.984908 7f96a8b37ac0               Options.comparator: leveldb.BytewiseComparator
2023/01/22-12:34:32.984908 7f96a8b37ac0           Options.merge_operator: None
2023/01/22-12:34:32.984909 7f96a8b37ac0        Options.compaction_filter: filter_outdated
2023/01/22-12:34:32.984909 7f96a8b37ac0        Options.compaction_filter_factory: None
2023/01/22-12:34:32.984910 7f96a8b37ac0  Options.sst_partitioner_factory: None
2023/01/22-12:34:32.984910 7f96a8b37ac0         Options.memtable_factory: SkipListFactory
2023/01/22-12:34:32.984911 7f96a8b37ac0            Options.table_factory: BlockBasedTable
2023/01/22-12:34:32.984942 7f96a8b37ac0            table_factory options:   flush_block_policy_factory: FlushBlockBySizePolicyFactory (0x5584a18eb930)
  cache_index_and_filter_blocks: 0
  cache_index_and_filter_blocks_with_high_priority: 1
  pin_l0_filter_and_index_blocks_in_cache: 0
  pin_top_level_index_and_filter: 1
  index_type: 0
  data_block_index_type: 0
  index_shortening: 1
  data_block_hash_table_util_ratio: 0.750000
  hash_index_allow_collision: 1
  checksum: 1
  no_block_cache: 0
  block_cache: 0x5584a18f1370
  block_cache_name: LRUCache
  block_cache_options:
    capacity : 8388608
    num_shard_bits : 4
    strict_capacity_limit : 0
    memory_allocator : None
    high_pri_pool_ratio: 0.000
  block_cache_compressed: (nil)
  persistent_cache: (nil)
  block_size: 4096
  block_size_deviation: 10
  block_restart_interval: 16
  index_block_restart_interval: 1
  metadata_block_size: 4096
  partition_filters: 0
  use_delta_encoding: 1
  filter_policy: nullptr
  whole_key_filtering: 1
  verify_compression: 0
  read_amp_bytes_per_bit: 0
  format_version: 4
  enable_index_compression: 1
  block_align: 0
2023/01/22-12:34:32.984988 7f96a8b37ac0        Options.write_buffer_size: 67108864
2023/01/22-12:34:32.984990 7f96a8b37ac0  Options.max_write_buffer_number: 2
2023/01/22-12:34:32.984991 7f96a8b37ac0          Options.compression: NoCompression
2023/01/22-12:34:32.984992 7f96a8b37ac0                  Options.bottommost_compression: Disabled
2023/01/22-12:34:32.984993 7f96a8b37ac0       Options.prefix_extractor: nullptr
2023/01/22-12:34:32.984994 7f96a8b37ac0   Options.memtable_insert_with_hint_prefix_extractor: nullptr
2023/01/22-12:34:32.984995 7f96a8b37ac0             Options.num_levels: 7
2023/01/22-12:34:32.984996 7f96a8b37ac0        Options.min_write_buffer_number_to_merge: 1
2023/01/22-12:34:32.984996 7f96a8b37ac0     Options.max_write_buffer_number_to_maintain: 0
2023/01/22-12:34:32.984997 7f96a8b37ac0     Options.max_write_buffer_size_to_maintain: 0
2023/01/22-12:34:32.984998 7f96a8b37ac0            Options.bottommost_compression_opts.window_bits: -14
2023/01/22-12:34:32.984998 7f96a8b37ac0                  Options.bottommost_compression_opts.level: 32767
2023/01/22-12:34:32.984999 7f96a8b37ac0               Options.bottommost_compression_opts.strategy: 0
2023/01/22-12:34:32.984999 7f96a8b37ac0         Options.bottommost_compression_opts.max_dict_bytes: 0
2023/01/22-12:34:32.985000 7f96a8b37ac0         Options.bottommost_compression_opts.zstd_max_train_bytes: 0
2023/01/22-12:34:32.985001 7f96a8b37ac0         Options.bottommost_compression_opts.parallel_threads: 1
2023/01/22-12:34:32.985001 7f96a8b37ac0                  Options.bottommost_compression_opts.enabled: false
2023/01/22-12:34:32.985002 7f96a8b37ac0            Options.compression_opts.window_bits: -14
2023/01/22-12:34:32.985005 7f96a8b37ac0                  Options.compression_opts.level: 32767
2023/01/22-12:34:32.985005 7f96a8b37ac0               Options.compression_opts.strategy: 0
2023/01/22-12:34:32.985006 7f96a8b37ac0         Options.compression_opts.max_dict_bytes: 0
2023/01/22-12:34:32.985007 7f96a8b37ac0         Options.compression_opts.zstd_max_train_bytes: 0
2023/01/22-12:34:32.985007 7f96a8b37ac0         Options.compression_opts.parallel_threads: 1
2023/01/22-12:34:32.985008 7f96a8b37ac0                  Options.compression_opts.enabled: false
2023/01/22-12:34:32.985009 7f96a8b37ac0      Options.level0_file_num_compaction_trigger: 4
2023/01/22-12:34:32.985009 7f96a8b37ac0          Options.level0_slowdown_writes_trigger: 20
2023/01/22-12:34:32.985010 7f96a8b37ac0              Options.level0_stop_writes_trigger: 36
2023/01/22-12:34:32.985010 7f96a8b37ac0                   Options.target_file_size_base: 67108864
2023/01/22-12:34:32.985017 7f96a8b37ac0             Options.target_file_size_multiplier: 1
2023/01/22-12:34:32.985018 7f96a8b37ac0                Options.max_bytes_for_level_base: 268435456
2023/01/22-12:34:32.985019 7f96a8b37ac0 Options.level_compaction_dynamic_level_bytes: 0
2023/01/22-12:34:32.985019 7f96a8b37ac0          Options.max_bytes_for_level_multiplier: 10.000000
2023/01/22-12:34:32.985021 7f96a8b37ac0 Options.max_bytes_for_level_multiplier_addtl[0]: 1
2023/01/22-12:34:32.985022 7f96a8b37ac0 Options.max_bytes_for_level_multiplier_addtl[1]: 1
2023/01/22-12:34:32.985023 7f96a8b37ac0 Options.max_bytes_for_level_multiplier_addtl[2]: 1
2023/01/22-12:34:32.985024 7f96a8b37ac0 Options.max_bytes_for_level_multiplier_addtl[3]: 1
2023/01/22-12:34:32.985043 7f96a8b37ac0 Options.max_bytes_for_level_multiplier_addtl[4]: 1
2023/01/22-12:34:32.985045 7f96a8b37ac0 Options.max_bytes_for_level_multiplier_addtl[5]: 1
2023/01/22-12:34:32.985046 7f96a8b37ac0 Options.max_bytes_for_level_multiplier_addtl[6]: 1
2023/01/22-12:34:32.985046 7f96a8b37ac0       Options.max_sequential_skip_in_iterations: 8
2023/01/22-12:34:32.985047 7f96a8b37ac0                    Options.max_compaction_bytes: 1677721600
2023/01/22-12:34:32.985048 7f96a8b37ac0                        Options.arena_block_size: 8388608
2023/01/22-12:34:32.985049 7f96a8b37ac0   Options.soft_pending_compaction_bytes_limit: 68719476736
2023/01/22-12:34:32.985050 7f96a8b37ac0   Options.hard_pending_compaction_bytes_limit: 274877906944
2023/01/22-12:34:32.985051 7f96a8b37ac0       Options.rate_limit_delay_max_milliseconds: 100
2023/01/22-12:34:32.985051 7f96a8b37ac0                Options.disable_auto_compactions: 1
2023/01/22-12:34:32.985052 7f96a8b37ac0                        Options.compaction_style: kCompactionStyleLevel
2023/01/22-12:34:32.985053 7f96a8b37ac0                          Options.compaction_pri: kMinOverlappingRatio
2023/01/22-12:34:32.985054 7f96a8b37ac0 Options.compaction_options_universal.size_ratio: 1
2023/01/22-12:34:32.985054 7f96a8b37ac0 Options.compaction_options_universal.min_merge_width: 2
2023/01/22-12:34:32.985055 7f96a8b37ac0 Options.compaction_options_universal.max_merge_width: 4294967295
2023/01/22-12:34:32.985056 7f96a8b37ac0 Options.compaction_options_universal.max_size_amplification_percent: 200
2023/01/22-12:34:32.985056 7f96a8b37ac0 Options.compaction_options_universal.compression_size_percent: -1
2023/01/22-12:34:32.985057 7f96a8b37ac0 Options.compaction_options_universal.stop_style: kCompactionStopStyleTotalSize
2023/01/22-12:34:32.985058 7f96a8b37ac0 Options.compaction_options_fifo.max_table_files_size: 1073741824
2023/01/22-12:34:32.985059 7f96a8b37ac0 Options.compaction_options_fifo.allow_compaction: 0
2023/01/22-12:34:32.985061 7f96a8b37ac0                   Options.table_properties_collectors: 
2023/01/22-12:34:32.985062 7f96a8b37ac0                   Options.inplace_update_support: 0
2023/01/22-12:34:32.985062 7f96a8b37ac0                 Options.inplace_update_num_locks: 10000
2023/01/22-12:34:32.985063 7f96a8b37ac0               Options.memtable_prefix_bloom_size_ratio: 0.000000
2023/01/22-12:34:32.985065 7f96a8b37ac0               Options.memtable_whole_key_filtering: 0
2023/01/22-12:34:32.985066 7f96a8b37ac0   Options.memtable_huge_page_size: 0
2023/01/22-12:34:32.985066 7f96a8b37ac0                           Options.bloom_locality: 0
2023/01/22-12:34:32.985067 7f96a8b37ac0                    Options.max_successive_merges: 0
2023/01/22-12:34:32.985067 7f96a8b37ac0                Options.optimize_filters_for_hits: 0
2023/01/22-12:34:32.985068 7f96a8b37ac0                Options.paranoid_file_checks: 0
2023/01/22-12:34:32.985069 7f96a8b37ac0                Options.force_consistency_checks: 1
2023/01/22-12:34:32.985069 7f96a8b37ac0                Options.report_bg_io_stats: 0
2023/01/22-12:34:32.985070 7f96a8b37ac0                               Options.ttl: 2592000
2023/01/22-12:34:32.985070 7f96a8b37ac0          Options.periodic_compaction_seconds: 2592000
2023/01/22-12:34:32.985071 7f96a8b37ac0                    Options.enable_blob_files: false
2023/01/22-12:34:32.985072 7f96a8b37ac0                        Options.min_blob_size: 0
2023/01/22-12:34:32.985072 7f96a8b37ac0                       Options.blob_file_size: 268435456
2023/01/22-12:34:32.985073 7f96a8b37ac0                Options.blob_compression_type: NoCompression
2023/01/22-12:34:32.985074 7f96a8b37ac0       Options.enable_blob_garbage_collection: false
2023/01/22-12:34:32.985074 7f96a8b37ac0   Options.blob_garbage_collection_age_cutoff: 0.250000
2023/01/22-12:34:32.985133 7f96a8b37ac0 [db/column_family.cc:595] --------------- Options for column family [NZ]:
2023/01/22-12:34:32.985134 7f96a8b37ac0               Options.comparator: leveldb.BytewiseComparator
2023/01/22-12:34:32.985177 7f96a8b37ac0           Options.merge_operator: None
2023/01/22-12:34:32.985179 7f96a8b37ac0        Options.compaction_filter: filter_outdated
2023/01/22-12:34:32.985180 7f96a8b37ac0        Options.compaction_filter_factory: None
2023/01/22-12:34:32.985181 7f96a8b37ac0  Options.sst_partitioner_factory: None
2023/01/22-12:34:32.985182 7f96a8b37ac0         Options.memtable_factory: SkipListFactory
2023/01/22-12:34:32.985183 7f96a8b37ac0            Options.table_factory: BlockBasedTable
2023/01/22-12:34:32.985210 7f96a8b37ac0            table_factory options:   flush_block_policy_factory: FlushBlockBySizePolicyFactory (0x5584a18ebb20)
  cache_index_and_filter_blocks: 0
  cache_index_and_filter_blocks_with_high_priority: 1
  pin_l0_filter_and_index_blocks_in_cache: 0
  pin_top_level_index_and_filter: 1
  index_type: 0
  data_block_index_type: 0
  index_shortening: 1
  data_block_hash_table_util_ratio: 0.750000
  hash_index_allow_collision: 1
  checksum: 1
  no_block_cache: 0
  block_cache: 0x5584a18f34b0
  block_cache_name: LRUCache
  block_cache_options:
    capacity : 8388608
    num_shard_bits : 4
    strict_capacity_limit : 0
    memory_allocator : None
    high_pri_pool_ratio: 0.000
  block_cache_compressed: (nil)
  persistent_cache: (nil)
  block_size: 4096
  block_size_deviation: 10
  block_restart_interval: 16
  index_block_restart_interval: 1
  metadata_block_size: 4096
  partition_filters: 0
  use_delta_encoding: 1
  filter_policy: nullptr
  whole_key_filtering: 1
  verify_compression: 0
  read_amp_bytes_per_bit: 0
  format_version: 4
  enable_index_compression: 1
  block_align: 0
2023/01/22-12:34:32.985211 7f96a8b37ac0        Options.write_buffer_size: 67108864
2023/01/22-12:34:32.985212 7f96a8b37ac0  Options.max_write_buffer_number: 2
2023/01/22-12:34:32.985213 7f96a8b37ac0          Options.compression: NoCompression
2023/01/22-12:34:32.985213 7f96a8b37ac0                  Options.bottommost_compression: Disabled
2023/01/22-12:34:32.985214 7f96a8b37ac0       Options.prefix_extractor: nullptr
2023/01/22-12:34:32.985215 7f96a8b37ac0   Options.memtable_insert_with_hint_prefix_extractor: nullptr
2023/01/22-12:34:32.985216 7f96a8b37ac0             Options.num_levels: 7
2023/01/22-12:34:32.985216 7f96a8b37ac0        Options.min_write_buffer_number_to_merge: 1
2023/01/22-12:34:32.985217 7f96a8b37ac0     Options.max_write_buffer_number_to_maintain: 0
2023/01/22-12:34:32.985218 7f96a8b37ac0     Options.max_write_buffer_size_to_maintain: 0
2023/01/22-12:34:32.985219 7f96a8b37ac0            Options.bottommost_compression_opts.window_bits: -14
2023/01/22-12:34:32.985219 7f96a8b37ac0                  Options.bottommost_compression_opts.level: 32767
2023/01/22-12:34:32.985220 7f96a8b37ac0               Options.bottommost_compression_opts.strategy: 0
2023/01/22-12:34:32.985221 7f96a8b37ac0         Options.bottommost_compression_opts.max_dict_bytes: 0
2023/01/22-12:34:32.985221 7f96a8b37ac0         Options.bottommost_compression_opts.zstd_max_train_bytes: 0
