2023/01/21-21:13:43.175734 7fd5706baac0 RocksDB version: 6.17.0
2023/01/21-21:13:43.175825 7fd5706baac0 Git sha 0
2023/01/21-21:13:43.175847 7fd5706baac0 DB SUMMARY
2023/01/21-21:13:43.175847 7fd5706baac0 DB Session ID:  Y54RG9T08H60JJ6GL7G4
2023/01/21-21:13:43.175865 7fd5706baac0 CURRENT file:  CURRENT
2023/01/21-21:13:43.175866 7fd5706baac0 IDENTITY file:  IDENTITY
2023/01/21-21:13:43.175868 7fd5706baac0 MANIFEST file:  MANIFEST-000003 size: 3988 Bytes
2023/01/21-21:13:43.175868 7fd5706baac0 SST files in /home/lennin/dao_bootcamp/core-project-starter/.dfx/network/local/state/replicated_state/node-100/ic_consensus_pool/consensus dir, Total Num: 11, files: 000033.sst 000035.sst 000037.sst 000039.sst 000041.sst 000043.sst 000045.sst 000047.sst 000049.sst 
2023/01/21-21:13:43.175869 7fd5706baac0 Write Ahead Log file in /home/lennin/dao_bootcamp/core-project-starter/.dfx/network/local/state/replicated_state/node-100/ic_consensus_pool/consensus: 000004.log size: 7384781 ; 000031.log size: 2238984 ; 
2023/01/21-21:13:43.175870 7fd5706baac0                         Options.error_if_exists: 0
2023/01/21-21:13:43.175870 7fd5706baac0                       Options.create_if_missing: 1
2023/01/21-21:13:43.175871 7fd5706baac0                         Options.paranoid_checks: 1
2023/01/21-21:13:43.175871 7fd5706baac0                               Options.track_and_verify_wals_in_manifest: 0
2023/01/21-21:13:43.175872 7fd5706baac0                                     Options.env: 0x55a381da59c0
2023/01/21-21:13:43.175872 7fd5706baac0                                      Options.fs: Posix File System
2023/01/21-21:13:43.175873 7fd5706baac0                                Options.info_log: 0x55a3c85143c0
2023/01/21-21:13:43.175873 7fd5706baac0                Options.max_file_opening_threads: 16
2023/01/21-21:13:43.175874 7fd5706baac0                              Options.statistics: (nil)
2023/01/21-21:13:43.175874 7fd5706baac0                               Options.use_fsync: 1
2023/01/21-21:13:43.175875 7fd5706baac0                       Options.max_log_file_size: 0
2023/01/21-21:13:43.175875 7fd5706baac0                  Options.max_manifest_file_size: 1073741824
2023/01/21-21:13:43.175875 7fd5706baac0                   Options.log_file_time_to_roll: 0
2023/01/21-21:13:43.175876 7fd5706baac0                       Options.keep_log_file_num: 1000
2023/01/21-21:13:43.175876 7fd5706baac0                    Options.recycle_log_file_num: 0
2023/01/21-21:13:43.175876 7fd5706baac0                         Options.allow_fallocate: 1
2023/01/21-21:13:43.175877 7fd5706baac0                        Options.allow_mmap_reads: 0
2023/01/21-21:13:43.175877 7fd5706baac0                       Options.allow_mmap_writes: 0
2023/01/21-21:13:43.175878 7fd5706baac0                        Options.use_direct_reads: 0
2023/01/21-21:13:43.175878 7fd5706baac0                        Options.use_direct_io_for_flush_and_compaction: 0
2023/01/21-21:13:43.175878 7fd5706baac0          Options.create_missing_column_families: 1
2023/01/21-21:13:43.175879 7fd5706baac0                              Options.db_log_dir: 
2023/01/21-21:13:43.175879 7fd5706baac0                                 Options.wal_dir: /home/lennin/dao_bootcamp/core-project-starter/.dfx/network/local/state/replicated_state/node-100/ic_consensus_pool/consensus
2023/01/21-21:13:43.175879 7fd5706baac0                Options.table_cache_numshardbits: 6
2023/01/21-21:13:43.175880 7fd5706baac0                         Options.WAL_ttl_seconds: 0
2023/01/21-21:13:43.175880 7fd5706baac0                       Options.WAL_size_limit_MB: 0
2023/01/21-21:13:43.175881 7fd5706baac0                        Options.max_write_batch_group_size_bytes: 1048576
2023/01/21-21:13:43.175881 7fd5706baac0             Options.manifest_preallocation_size: 4194304
2023/01/21-21:13:43.175881 7fd5706baac0                     Options.is_fd_close_on_exec: 1
2023/01/21-21:13:43.175882 7fd5706baac0                   Options.advise_random_on_open: 1
2023/01/21-21:13:43.175882 7fd5706baac0                    Options.db_write_buffer_size: 0
2023/01/21-21:13:43.175882 7fd5706baac0                    Options.write_buffer_manager: 0x55a3c8537750
2023/01/21-21:13:43.175887 7fd5706baac0         Options.access_hint_on_compaction_start: 1
2023/01/21-21:13:43.175888 7fd5706baac0  Options.new_table_reader_for_compaction_inputs: 0
2023/01/21-21:13:43.175888 7fd5706baac0           Options.random_access_max_buffer_size: 1048576
2023/01/21-21:13:43.175888 7fd5706baac0                      Options.use_adaptive_mutex: 0
2023/01/21-21:13:43.175889 7fd5706baac0                            Options.rate_limiter: (nil)
2023/01/21-21:13:43.175889 7fd5706baac0     Options.sst_file_manager.rate_bytes_per_sec: 0
2023/01/21-21:13:43.175890 7fd5706baac0                       Options.wal_recovery_mode: 2
2023/01/21-21:13:43.175890 7fd5706baac0                  Options.enable_thread_tracking: 0
2023/01/21-21:13:43.175890 7fd5706baac0                  Options.enable_pipelined_write: 0
2023/01/21-21:13:43.175891 7fd5706baac0                  Options.unordered_write: 0
2023/01/21-21:13:43.175891 7fd5706baac0         Options.allow_concurrent_memtable_write: 1
2023/01/21-21:13:43.175892 7fd5706baac0      Options.enable_write_thread_adaptive_yield: 1
2023/01/21-21:13:43.175892 7fd5706baac0             Options.write_thread_max_yield_usec: 100
2023/01/21-21:13:43.175892 7fd5706baac0            Options.write_thread_slow_yield_usec: 3
2023/01/21-21:13:43.175893 7fd5706baac0                               Options.row_cache: None
2023/01/21-21:13:43.175893 7fd5706baac0                              Options.wal_filter: None
2023/01/21-21:13:43.175894 7fd5706baac0             Options.avoid_flush_during_recovery: 0
2023/01/21-21:13:43.175894 7fd5706baac0             Options.allow_ingest_behind: 0
2023/01/21-21:13:43.175894 7fd5706baac0             Options.preserve_deletes: 0
2023/01/21-21:13:43.175895 7fd5706baac0             Options.two_write_queues: 0
2023/01/21-21:13:43.175895 7fd5706baac0             Options.manual_wal_flush: 0
2023/01/21-21:13:43.175895 7fd5706baac0             Options.atomic_flush: 0
2023/01/21-21:13:43.175896 7fd5706baac0             Options.avoid_unnecessary_blocking_io: 0
2023/01/21-21:13:43.175896 7fd5706baac0                 Options.persist_stats_to_disk: 0
2023/01/21-21:13:43.175896 7fd5706baac0                 Options.write_dbid_to_manifest: 0
2023/01/21-21:13:43.175897 7fd5706baac0                 Options.log_readahead_size: 0
2023/01/21-21:13:43.175897 7fd5706baac0                 Options.file_checksum_gen_factory: Unknown
2023/01/21-21:13:43.175898 7fd5706baac0                 Options.best_efforts_recovery: 0
2023/01/21-21:13:43.175898 7fd5706baac0                Options.max_bgerror_resume_count: 2147483647
2023/01/21-21:13:43.175898 7fd5706baac0            Options.bgerror_resume_retry_interval: 1000000
2023/01/21-21:13:43.175899 7fd5706baac0             Options.allow_data_in_errors: 0
2023/01/21-21:13:43.175899 7fd5706baac0             Options.db_host_id: __hostname__
2023/01/21-21:13:43.175899 7fd5706baac0             Options.max_background_jobs: 2
2023/01/21-21:13:43.175900 7fd5706baac0             Options.max_background_compactions: -1
2023/01/21-21:13:43.175900 7fd5706baac0             Options.max_subcompactions: 1
2023/01/21-21:13:43.175901 7fd5706baac0             Options.avoid_flush_during_shutdown: 0
2023/01/21-21:13:43.175901 7fd5706baac0           Options.writable_file_max_buffer_size: 1048576
2023/01/21-21:13:43.175901 7fd5706baac0             Options.delayed_write_rate : 16777216
2023/01/21-21:13:43.175902 7fd5706baac0             Options.max_total_wal_size: 0
2023/01/21-21:13:43.175902 7fd5706baac0             Options.delete_obsolete_files_period_micros: 21600000000
2023/01/21-21:13:43.175903 7fd5706baac0                   Options.stats_dump_period_sec: 600
2023/01/21-21:13:43.175903 7fd5706baac0                 Options.stats_persist_period_sec: 600
2023/01/21-21:13:43.175903 7fd5706baac0                 Options.stats_history_buffer_size: 1048576
2023/01/21-21:13:43.175904 7fd5706baac0                          Options.max_open_files: -1
2023/01/21-21:13:43.175904 7fd5706baac0                          Options.bytes_per_sync: 0
2023/01/21-21:13:43.175905 7fd5706baac0                      Options.wal_bytes_per_sync: 0
2023/01/21-21:13:43.175919 7fd5706baac0                   Options.strict_bytes_per_sync: 0
2023/01/21-21:13:43.175920 7fd5706baac0       Options.compaction_readahead_size: 0
2023/01/21-21:13:43.175921 7fd5706baac0                  Options.max_background_flushes: -1
2023/01/21-21:13:43.175922 7fd5706baac0 Compression algorithms supported:
2023/01/21-21:13:43.175922 7fd5706baac0 	kZSTDNotFinalCompression supported: 1
2023/01/21-21:13:43.175925 7fd5706baac0 	kZSTD supported: 1
2023/01/21-21:13:43.175925 7fd5706baac0 	kXpressCompression supported: 0
2023/01/21-21:13:43.175926 7fd5706baac0 	kLZ4HCCompression supported: 1
2023/01/21-21:13:43.175926 7fd5706baac0 	kLZ4Compression supported: 1
2023/01/21-21:13:43.175927 7fd5706baac0 	kBZip2Compression supported: 1
2023/01/21-21:13:43.175927 7fd5706baac0 	kZlibCompression supported: 1
2023/01/21-21:13:43.175928 7fd5706baac0 	kSnappyCompression supported: 1
2023/01/21-21:13:43.175930 7fd5706baac0 Fast CRC32 supported: Supported on x86
2023/01/21-21:13:43.175958 7fd5706baac0 [db/version_set.cc:4758] Recovering from manifest file: /home/lennin/dao_bootcamp/core-project-starter/.dfx/network/local/state/replicated_state/node-100/ic_consensus_pool/consensus/MANIFEST-000003
2023/01/21-21:13:43.176021 7fd5706baac0 [db/column_family.cc:595] --------------- Options for column family [default]:
2023/01/21-21:13:43.176022 7fd5706baac0               Options.comparator: leveldb.BytewiseComparator
2023/01/21-21:13:43.176023 7fd5706baac0           Options.merge_operator: None
2023/01/21-21:13:43.176023 7fd5706baac0        Options.compaction_filter: None
2023/01/21-21:13:43.176023 7fd5706baac0        Options.compaction_filter_factory: None
2023/01/21-21:13:43.176024 7fd5706baac0  Options.sst_partitioner_factory: None
2023/01/21-21:13:43.176024 7fd5706baac0         Options.memtable_factory: SkipListFactory
2023/01/21-21:13:43.176025 7fd5706baac0            Options.table_factory: BlockBasedTable
2023/01/21-21:13:43.176039 7fd5706baac0            table_factory options:   flush_block_policy_factory: FlushBlockBySizePolicyFactory (0x55a3c8533c60)
  cache_index_and_filter_blocks: 0
  cache_index_and_filter_blocks_with_high_priority: 1
  pin_l0_filter_and_index_blocks_in_cache: 0
  pin_top_level_index_and_filter: 1
  index_type: 0
  data_block_index_type: 0
  index_shortening: 1
  data_block_hash_table_util_ratio: 0.750000
  hash_index_allow_collision: 1
  checksum: 1
  no_block_cache: 0
  block_cache: 0x55a3c8533cb0
  block_cache_name: LRUCache
  block_cache_options:
    capacity : 8388608
    num_shard_bits : 4
    strict_capacity_limit : 0
    memory_allocator : None
    high_pri_pool_ratio: 0.000
  block_cache_compressed: (nil)
  persistent_cache: (nil)
  block_size: 4096
  block_size_deviation: 10
  block_restart_interval: 16
  index_block_restart_interval: 1
  metadata_block_size: 4096
  partition_filters: 0
  use_delta_encoding: 1
  filter_policy: nullptr
  whole_key_filtering: 1
  verify_compression: 0
  read_amp_bytes_per_bit: 0
  format_version: 4
  enable_index_compression: 1
  block_align: 0
2023/01/21-21:13:43.176042 7fd5706baac0        Options.write_buffer_size: 67108864
2023/01/21-21:13:43.176043 7fd5706baac0  Options.max_write_buffer_number: 2
2023/01/21-21:13:43.176043 7fd5706baac0          Options.compression: Snappy
2023/01/21-21:13:43.176044 7fd5706baac0                  Options.bottommost_compression: Disabled
2023/01/21-21:13:43.176044 7fd5706baac0       Options.prefix_extractor: nullptr
2023/01/21-21:13:43.176045 7fd5706baac0   Options.memtable_insert_with_hint_prefix_extractor: nullptr
2023/01/21-21:13:43.176045 7fd5706baac0             Options.num_levels: 7
2023/01/21-21:13:43.176045 7fd5706baac0        Options.min_write_buffer_number_to_merge: 1
2023/01/21-21:13:43.176046 7fd5706baac0     Options.max_write_buffer_number_to_maintain: 0
2023/01/21-21:13:43.176046 7fd5706baac0     Options.max_write_buffer_size_to_maintain: 0
2023/01/21-21:13:43.176046 7fd5706baac0            Options.bottommost_compression_opts.window_bits: -14
2023/01/21-21:13:43.176063 7fd5706baac0                  Options.bottommost_compression_opts.level: 32767
2023/01/21-21:13:43.176064 7fd5706baac0               Options.bottommost_compression_opts.strategy: 0
2023/01/21-21:13:43.176065 7fd5706baac0         Options.bottommost_compression_opts.max_dict_bytes: 0
2023/01/21-21:13:43.176065 7fd5706baac0         Options.bottommost_compression_opts.zstd_max_train_bytes: 0
2023/01/21-21:13:43.176066 7fd5706baac0         Options.bottommost_compression_opts.parallel_threads: 1
2023/01/21-21:13:43.176066 7fd5706baac0                  Options.bottommost_compression_opts.enabled: false
2023/01/21-21:13:43.176067 7fd5706baac0            Options.compression_opts.window_bits: -14
2023/01/21-21:13:43.176067 7fd5706baac0                  Options.compression_opts.level: 32767
2023/01/21-21:13:43.176067 7fd5706baac0               Options.compression_opts.strategy: 0
2023/01/21-21:13:43.176068 7fd5706baac0         Options.compression_opts.max_dict_bytes: 0
2023/01/21-21:13:43.176068 7fd5706baac0         Options.compression_opts.zstd_max_train_bytes: 0
2023/01/21-21:13:43.176069 7fd5706baac0         Options.compression_opts.parallel_threads: 1
2023/01/21-21:13:43.176069 7fd5706baac0                  Options.compression_opts.enabled: false
2023/01/21-21:13:43.176069 7fd5706baac0      Options.level0_file_num_compaction_trigger: 4
2023/01/21-21:13:43.176070 7fd5706baac0          Options.level0_slowdown_writes_trigger: 20
2023/01/21-21:13:43.176070 7fd5706baac0              Options.level0_stop_writes_trigger: 36
2023/01/21-21:13:43.176070 7fd5706baac0                   Options.target_file_size_base: 67108864
2023/01/21-21:13:43.176071 7fd5706baac0             Options.target_file_size_multiplier: 1
2023/01/21-21:13:43.176071 7fd5706baac0                Options.max_bytes_for_level_base: 268435456
2023/01/21-21:13:43.176072 7fd5706baac0 Options.level_compaction_dynamic_level_bytes: 0
2023/01/21-21:13:43.176072 7fd5706baac0          Options.max_bytes_for_level_multiplier: 10.000000
2023/01/21-21:13:43.176073 7fd5706baac0 Options.max_bytes_for_level_multiplier_addtl[0]: 1
2023/01/21-21:13:43.176074 7fd5706baac0 Options.max_bytes_for_level_multiplier_addtl[1]: 1
2023/01/21-21:13:43.176074 7fd5706baac0 Options.max_bytes_for_level_multiplier_addtl[2]: 1
2023/01/21-21:13:43.176075 7fd5706baac0 Options.max_bytes_for_level_multiplier_addtl[3]: 1
2023/01/21-21:13:43.176075 7fd5706baac0 Options.max_bytes_for_level_multiplier_addtl[4]: 1
2023/01/21-21:13:43.176075 7fd5706baac0 Options.max_bytes_for_level_multiplier_addtl[5]: 1
2023/01/21-21:13:43.176076 7fd5706baac0 Options.max_bytes_for_level_multiplier_addtl[6]: 1
2023/01/21-21:13:43.176076 7fd5706baac0       Options.max_sequential_skip_in_iterations: 8
2023/01/21-21:13:43.176076 7fd5706baac0                    Options.max_compaction_bytes: 1677721600
2023/01/21-21:13:43.176077 7fd5706baac0                        Options.arena_block_size: 8388608
2023/01/21-21:13:43.176077 7fd5706baac0   Options.soft_pending_compaction_bytes_limit: 68719476736
2023/01/21-21:13:43.176078 7fd5706baac0   Options.hard_pending_compaction_bytes_limit: 274877906944
2023/01/21-21:13:43.176078 7fd5706baac0       Options.rate_limit_delay_max_milliseconds: 100
2023/01/21-21:13:43.176078 7fd5706baac0                Options.disable_auto_compactions: 0
2023/01/21-21:13:43.176079 7fd5706baac0                        Options.compaction_style: kCompactionStyleLevel
2023/01/21-21:13:43.176080 7fd5706baac0                          Options.compaction_pri: kMinOverlappingRatio
2023/01/21-21:13:43.176080 7fd5706baac0 Options.compaction_options_universal.size_ratio: 1
2023/01/21-21:13:43.176081 7fd5706baac0 Options.compaction_options_universal.min_merge_width: 2
2023/01/21-21:13:43.176081 7fd5706baac0 Options.compaction_options_universal.max_merge_width: 4294967295
2023/01/21-21:13:43.176081 7fd5706baac0 Options.compaction_options_universal.max_size_amplification_percent: 200
2023/01/21-21:13:43.176082 7fd5706baac0 Options.compaction_options_universal.compression_size_percent: -1
2023/01/21-21:13:43.176086 7fd5706baac0 Options.compaction_options_universal.stop_style: kCompactionStopStyleTotalSize
2023/01/21-21:13:43.176087 7fd5706baac0 Options.compaction_options_fifo.max_table_files_size: 1073741824
2023/01/21-21:13:43.176087 7fd5706baac0 Options.compaction_options_fifo.allow_compaction: 0
2023/01/21-21:13:43.176090 7fd5706baac0                   Options.table_properties_collectors: 
2023/01/21-21:13:43.176091 7fd5706baac0                   Options.inplace_update_support: 0
2023/01/21-21:13:43.176091 7fd5706baac0                 Options.inplace_update_num_locks: 10000
2023/01/21-21:13:43.176092 7fd5706baac0               Options.memtable_prefix_bloom_size_ratio: 0.000000
2023/01/21-21:13:43.176092 7fd5706baac0               Options.memtable_whole_key_filtering: 0
2023/01/21-21:13:43.176093 7fd5706baac0   Options.memtable_huge_page_size: 0
2023/01/21-21:13:43.176093 7fd5706baac0                           Options.bloom_locality: 0
2023/01/21-21:13:43.176094 7fd5706baac0                    Options.max_successive_merges: 0
2023/01/21-21:13:43.176094 7fd5706baac0                Options.optimize_filters_for_hits: 0
2023/01/21-21:13:43.176095 7fd5706baac0                Options.paranoid_file_checks: 0
2023/01/21-21:13:43.176095 7fd5706baac0                Options.force_consistency_checks: 1
2023/01/21-21:13:43.176096 7fd5706baac0                Options.report_bg_io_stats: 0
2023/01/21-21:13:43.176096 7fd5706baac0                               Options.ttl: 2592000
2023/01/21-21:13:43.176096 7fd5706baac0          Options.periodic_compaction_seconds: 0
2023/01/21-21:13:43.176097 7fd5706baac0                    Options.enable_blob_files: false
2023/01/21-21:13:43.176097 7fd5706baac0                        Options.min_blob_size: 0
2023/01/21-21:13:43.176098 7fd5706baac0                       Options.blob_file_size: 268435456
2023/01/21-21:13:43.176098 7fd5706baac0                Options.blob_compression_type: NoCompression
2023/01/21-21:13:43.176099 7fd5706baac0       Options.enable_blob_garbage_collection: false
2023/01/21-21:13:43.176099 7fd5706baac0   Options.blob_garbage_collection_age_cutoff: 0.250000
2023/01/21-21:13:43.176140 7fd5706baac0 [db/column_family.cc:595] --------------- Options for column family [RB]:
2023/01/21-21:13:43.176140 7fd5706baac0               Options.comparator: leveldb.BytewiseComparator
2023/01/21-21:13:43.176141 7fd5706baac0           Options.merge_operator: None
2023/01/21-21:13:43.176142 7fd5706baac0        Options.compaction_filter: filter_outdated
2023/01/21-21:13:43.176142 7fd5706baac0        Options.compaction_filter_factory: None
2023/01/21-21:13:43.176143 7fd5706baac0  Options.sst_partitioner_factory: None
2023/01/21-21:13:43.176143 7fd5706baac0         Options.memtable_factory: SkipListFactory
2023/01/21-21:13:43.176143 7fd5706baac0            Options.table_factory: BlockBasedTable
2023/01/21-21:13:43.176152 7fd5706baac0            table_factory options:   flush_block_policy_factory: FlushBlockBySizePolicyFactory (0x55a3c850f560)
  cache_index_and_filter_blocks: 0
  cache_index_and_filter_blocks_with_high_priority: 1
  pin_l0_filter_and_index_blocks_in_cache: 0
  pin_top_level_index_and_filter: 1
  index_type: 0
  data_block_index_type: 0
  index_shortening: 1
  data_block_hash_table_util_ratio: 0.750000
  hash_index_allow_collision: 1
  checksum: 1
  no_block_cache: 0
  block_cache: 0x55a3c851a230
  block_cache_name: LRUCache
  block_cache_options:
    capacity : 8388608
    num_shard_bits : 4
    strict_capacity_limit : 0
    memory_allocator : None
    high_pri_pool_ratio: 0.000
  block_cache_compressed: (nil)
  persistent_cache: (nil)
  block_size: 4096
  block_size_deviation: 10
  block_restart_interval: 16
  index_block_restart_interval: 1
  metadata_block_size: 4096
  partition_filters: 0
  use_delta_encoding: 1
  filter_policy: nullptr
  whole_key_filtering: 1
  verify_compression: 0
  read_amp_bytes_per_bit: 0
  format_version: 4
  enable_index_compression: 1
  block_align: 0
2023/01/21-21:13:43.176154 7fd5706baac0        Options.write_buffer_size: 67108864
2023/01/21-21:13:43.176168 7fd5706baac0  Options.max_write_buffer_number: 2
2023/01/21-21:13:43.176170 7fd5706baac0          Options.compression: NoCompression
2023/01/21-21:13:43.176170 7fd5706baac0                  Options.bottommost_compression: Disabled
2023/01/21-21:13:43.176171 7fd5706baac0       Options.prefix_extractor: nullptr
2023/01/21-21:13:43.176172 7fd5706baac0   Options.memtable_insert_with_hint_prefix_extractor: nullptr
2023/01/21-21:13:43.176172 7fd5706baac0             Options.num_levels: 7
2023/01/21-21:13:43.176173 7fd5706baac0        Options.min_write_buffer_number_to_merge: 1
2023/01/21-21:13:43.176173 7fd5706baac0     Options.max_write_buffer_number_to_maintain: 0
2023/01/21-21:13:43.176173 7fd5706baac0     Options.max_write_buffer_size_to_maintain: 0
2023/01/21-21:13:43.176174 7fd5706baac0            Options.bottommost_compression_opts.window_bits: -14
2023/01/21-21:13:43.176174 7fd5706baac0                  Options.bottommost_compression_opts.level: 32767
2023/01/21-21:13:43.176175 7fd5706baac0               Options.bottommost_compression_opts.strategy: 0
2023/01/21-21:13:43.176175 7fd5706baac0         Options.bottommost_compression_opts.max_dict_bytes: 0
2023/01/21-21:13:43.176176 7fd5706baac0         Options.bottommost_compression_opts.zstd_max_train_bytes: 0
2023/01/21-21:13:43.176176 7fd5706baac0         Options.bottommost_compression_opts.parallel_threads: 1
2023/01/21-21:13:43.176176 7fd5706baac0                  Options.bottommost_compression_opts.enabled: false
2023/01/21-21:13:43.176177 7fd5706baac0            Options.compression_opts.window_bits: -14
2023/01/21-21:13:43.176177 7fd5706baac0                  Options.compression_opts.level: 32767
2023/01/21-21:13:43.176178 7fd5706baac0               Options.compression_opts.strategy: 0
2023/01/21-21:13:43.176178 7fd5706baac0         Options.compression_opts.max_dict_bytes: 0
2023/01/21-21:13:43.176178 7fd5706baac0         Options.compression_opts.zstd_max_train_bytes: 0
2023/01/21-21:13:43.176179 7fd5706baac0         Options.compression_opts.parallel_threads: 1
2023/01/21-21:13:43.176179 7fd5706baac0                  Options.compression_opts.enabled: false
2023/01/21-21:13:43.176180 7fd5706baac0      Options.level0_file_num_compaction_trigger: 4
2023/01/21-21:13:43.176180 7fd5706baac0          Options.level0_slowdown_writes_trigger: 20
2023/01/21-21:13:43.176180 7fd5706baac0              Options.level0_stop_writes_trigger: 36
2023/01/21-21:13:43.176181 7fd5706baac0                   Options.target_file_size_base: 67108864
2023/01/21-21:13:43.176181 7fd5706baac0             Options.target_file_size_multiplier: 1
2023/01/21-21:13:43.176182 7fd5706baac0                Options.max_bytes_for_level_base: 268435456
2023/01/21-21:13:43.176182 7fd5706baac0 Options.level_compaction_dynamic_level_bytes: 0
2023/01/21-21:13:43.176183 7fd5706baac0          Options.max_bytes_for_level_multiplier: 10.000000
2023/01/21-21:13:43.176183 7fd5706baac0 Options.max_bytes_for_level_multiplier_addtl[0]: 1
2023/01/21-21:13:43.176184 7fd5706baac0 Options.max_bytes_for_level_multiplier_addtl[1]: 1
2023/01/21-21:13:43.176184 7fd5706baac0 Options.max_bytes_for_level_multiplier_addtl[2]: 1
2023/01/21-21:13:43.176185 7fd5706baac0 Options.max_bytes_for_level_multiplier_addtl[3]: 1
2023/01/21-21:13:43.176185 7fd5706baac0 Options.max_bytes_for_level_multiplier_addtl[4]: 1
2023/01/21-21:13:43.176186 7fd5706baac0 Options.max_bytes_for_level_multiplier_addtl[5]: 1
2023/01/21-21:13:43.176186 7fd5706baac0 Options.max_bytes_for_level_multiplier_addtl[6]: 1
2023/01/21-21:13:43.176186 7fd5706baac0       Options.max_sequential_skip_in_iterations: 8
2023/01/21-21:13:43.176187 7fd5706baac0                    Options.max_compaction_bytes: 1677721600
2023/01/21-21:13:43.176187 7fd5706baac0                        Options.arena_block_size: 8388608
2023/01/21-21:13:43.176188 7fd5706baac0   Options.soft_pending_compaction_bytes_limit: 68719476736
2023/01/21-21:13:43.176188 7fd5706baac0   Options.hard_pending_compaction_bytes_limit: 274877906944
2023/01/21-21:13:43.176189 7fd5706baac0       Options.rate_limit_delay_max_milliseconds: 100
2023/01/21-21:13:43.176193 7fd5706baac0                Options.disable_auto_compactions: 1
2023/01/21-21:13:43.176193 7fd5706baac0                        Options.compaction_style: kCompactionStyleLevel
2023/01/21-21:13:43.176194 7fd5706baac0                          Options.compaction_pri: kMinOverlappingRatio
2023/01/21-21:13:43.176194 7fd5706baac0 Options.compaction_options_universal.size_ratio: 1
2023/01/21-21:13:43.176194 7fd5706baac0 Options.compaction_options_universal.min_merge_width: 2
2023/01/21-21:13:43.176195 7fd5706baac0 Options.compaction_options_universal.max_merge_width: 4294967295
2023/01/21-21:13:43.176195 7fd5706baac0 Options.compaction_options_universal.max_size_amplification_percent: 200
2023/01/21-21:13:43.176196 7fd5706baac0 Options.compaction_options_universal.compression_size_percent: -1
2023/01/21-21:13:43.176196 7fd5706baac0 Options.compaction_options_universal.stop_style: kCompactionStopStyleTotalSize
2023/01/21-21:13:43.176196 7fd5706baac0 Options.compaction_options_fifo.max_table_files_size: 1073741824
2023/01/21-21:13:43.176197 7fd5706baac0 Options.compaction_options_fifo.allow_compaction: 0
2023/01/21-21:13:43.176198 7fd5706baac0                   Options.table_properties_collectors: 
2023/01/21-21:13:43.176199 7fd5706baac0                   Options.inplace_update_support: 0
2023/01/21-21:13:43.176199 7fd5706baac0                 Options.inplace_update_num_locks: 10000
2023/01/21-21:13:43.176199 7fd5706baac0               Options.memtable_prefix_bloom_size_ratio: 0.000000
2023/01/21-21:13:43.176200 7fd5706baac0               Options.memtable_whole_key_filtering: 0
2023/01/21-21:13:43.176200 7fd5706baac0   Options.memtable_huge_page_size: 0
2023/01/21-21:13:43.176201 7fd5706baac0                           Options.bloom_locality: 0
2023/01/21-21:13:43.176201 7fd5706baac0                    Options.max_successive_merges: 0
2023/01/21-21:13:43.176201 7fd5706baac0                Options.optimize_filters_for_hits: 0
2023/01/21-21:13:43.176202 7fd5706baac0                Options.paranoid_file_checks: 0
2023/01/21-21:13:43.176202 7fd5706baac0                Options.force_consistency_checks: 1
2023/01/21-21:13:43.176203 7fd5706baac0                Options.report_bg_io_stats: 0
2023/01/21-21:13:43.176203 7fd5706baac0                               Options.ttl: 2592000
2023/01/21-21:13:43.176203 7fd5706baac0          Options.periodic_compaction_seconds: 2592000
2023/01/21-21:13:43.176204 7fd5706baac0                    Options.enable_blob_files: false
2023/01/21-21:13:43.176204 7fd5706baac0                        Options.min_blob_size: 0
2023/01/21-21:13:43.176204 7fd5706baac0                       Options.blob_file_size: 268435456
2023/01/21-21:13:43.176205 7fd5706baac0                Options.blob_compression_type: NoCompression
2023/01/21-21:13:43.176205 7fd5706baac0       Options.enable_blob_garbage_collection: false
2023/01/21-21:13:43.176205 7fd5706baac0   Options.blob_garbage_collection_age_cutoff: 0.250000
2023/01/21-21:13:43.176224 7fd5706baac0 [db/column_family.cc:595] --------------- Options for column family [FZ]:
2023/01/21-21:13:43.176225 7fd5706baac0               Options.comparator: leveldb.BytewiseComparator
2023/01/21-21:13:43.176225 7fd5706baac0           Options.merge_operator: None
2023/01/21-21:13:43.176226 7fd5706baac0        Options.compaction_filter: filter_outdated
2023/01/21-21:13:43.176226 7fd5706baac0        Options.compaction_filter_factory: None
2023/01/21-21:13:43.176226 7fd5706baac0  Options.sst_partitioner_factory: None
2023/01/21-21:13:43.176227 7fd5706baac0         Options.memtable_factory: SkipListFactory
2023/01/21-21:13:43.176227 7fd5706baac0            Options.table_factory: BlockBasedTable
2023/01/21-21:13:43.176236 7fd5706baac0            table_factory options:   flush_block_policy_factory: FlushBlockBySizePolicyFactory (0x55a3c8516930)
  cache_index_and_filter_blocks: 0
  cache_index_and_filter_blocks_with_high_priority: 1
  pin_l0_filter_and_index_blocks_in_cache: 0
  pin_top_level_index_and_filter: 1
  index_type: 0
  data_block_index_type: 0
  index_shortening: 1
  data_block_hash_table_util_ratio: 0.750000
  hash_index_allow_collision: 1
  checksum: 1
  no_block_cache: 0
  block_cache: 0x55a3c851c370
  block_cache_name: LRUCache
  block_cache_options:
    capacity : 8388608
    num_shard_bits : 4
    strict_capacity_limit : 0
    memory_allocator : None
    high_pri_pool_ratio: 0.000
  block_cache_compressed: (nil)
  persistent_cache: (nil)
  block_size: 4096
  block_size_deviation: 10
  block_restart_interval: 16
  index_block_restart_interval: 1
  metadata_block_size: 4096
  partition_filters: 0
  use_delta_encoding: 1
  filter_policy: nullptr
  whole_key_filtering: 1
  verify_compression: 0
  read_amp_bytes_per_bit: 0
  format_version: 4
  enable_index_compression: 1
  block_align: 0
2023/01/21-21:13:43.176242 7fd5706baac0        Options.write_buffer_size: 67108864
2023/01/21-21:13:43.176243 7fd5706baac0  Options.max_write_buffer_number: 2
2023/01/21-21:13:43.176243 7fd5706baac0          Options.compression: NoCompression
2023/01/21-21:13:43.176244 7fd5706baac0                  Options.bottommost_compression: Disabled
2023/01/21-21:13:43.176244 7fd5706baac0       Options.prefix_extractor: nullptr
2023/01/21-21:13:43.176245 7fd5706baac0   Options.memtable_insert_with_hint_prefix_extractor: nullptr
2023/01/21-21:13:43.176245 7fd5706baac0             Options.num_levels: 7
2023/01/21-21:13:43.176245 7fd5706baac0        Options.min_write_buffer_number_to_merge: 1
2023/01/21-21:13:43.176246 7fd5706baac0     Options.max_write_buffer_number_to_maintain: 0
2023/01/21-21:13:43.176246 7fd5706baac0     Options.max_write_buffer_size_to_maintain: 0
2023/01/21-21:13:43.176246 7fd5706baac0            Options.bottommost_compression_opts.window_bits: -14
2023/01/21-21:13:43.176247 7fd5706baac0                  Options.bottommost_compression_opts.level: 32767
2023/01/21-21:13:43.176247 7fd5706baac0               Options.bottommost_compression_opts.strategy: 0
2023/01/21-21:13:43.176248 7fd5706baac0         Options.bottommost_compression_opts.max_dict_bytes: 0
2023/01/21-21:13:43.176248 7fd5706baac0         Options.bottommost_compression_opts.zstd_max_train_bytes: 0
2023/01/21-21:13:43.176248 7fd5706baac0         Options.bottommost_compression_opts.parallel_threads: 1
2023/01/21-21:13:43.176249 7fd5706baac0                  Options.bottommost_compression_opts.enabled: false
2023/01/21-21:13:43.176249 7fd5706baac0            Options.compression_opts.window_bits: -14
2023/01/21-21:13:43.176249 7fd5706baac0                  Options.compression_opts.level: 32767
2023/01/21-21:13:43.176250 7fd5706baac0               Options.compression_opts.strategy: 0
2023/01/21-21:13:43.176250 7fd5706baac0         Options.compression_opts.max_dict_bytes: 0
2023/01/21-21:13:43.176250 7fd5706baac0         Options.compression_opts.zstd_max_train_bytes: 0
2023/01/21-21:13:43.176251 7fd5706baac0         Options.compression_opts.parallel_threads: 1
2023/01/21-21:13:43.176251 7fd5706baac0                  Options.compression_opts.enabled: false
2023/01/21-21:13:43.176252 7fd5706baac0      Options.level0_file_num_compaction_trigger: 4
2023/01/21-21:13:43.176252 7fd5706baac0          Options.level0_slowdown_writes_trigger: 20
2023/01/21-21:13:43.176252 7fd5706baac0              Options.level0_stop_writes_trigger: 36
2023/01/21-21:13:43.176253 7fd5706baac0                   Options.target_file_size_base: 67108864
2023/01/21-21:13:43.176253 7fd5706baac0             Options.target_file_size_multiplier: 1
2023/01/21-21:13:43.176253 7fd5706baac0                Options.max_bytes_for_level_base: 268435456
2023/01/21-21:13:43.176254 7fd5706baac0 Options.level_compaction_dynamic_level_bytes: 0
2023/01/21-21:13:43.176254 7fd5706baac0          Options.max_bytes_for_level_multiplier: 10.000000
2023/01/21-21:13:43.176255 7fd5706baac0 Options.max_bytes_for_level_multiplier_addtl[0]: 1
2023/01/21-21:13:43.176255 7fd5706baac0 Options.max_bytes_for_level_multiplier_addtl[1]: 1
2023/01/21-21:13:43.176256 7fd5706baac0 Options.max_bytes_for_level_multiplier_addtl[2]: 1
2023/01/21-21:13:43.176256 7fd5706baac0 Options.max_bytes_for_level_multiplier_addtl[3]: 1
2023/01/21-21:13:43.176270 7fd5706baac0 Options.max_bytes_for_level_multiplier_addtl[4]: 1
2023/01/21-21:13:43.176271 7fd5706baac0 Options.max_bytes_for_level_multiplier_addtl[5]: 1
2023/01/21-21:13:43.176272 7fd5706baac0 Options.max_bytes_for_level_multiplier_addtl[6]: 1
2023/01/21-21:13:43.176272 7fd5706baac0       Options.max_sequential_skip_in_iterations: 8
2023/01/21-21:13:43.176273 7fd5706baac0                    Options.max_compaction_bytes: 1677721600
2023/01/21-21:13:43.176274 7fd5706baac0                        Options.arena_block_size: 8388608
2023/01/21-21:13:43.176274 7fd5706baac0   Options.soft_pending_compaction_bytes_limit: 68719476736
2023/01/21-21:13:43.176275 7fd5706baac0   Options.hard_pending_compaction_bytes_limit: 274877906944
2023/01/21-21:13:43.176275 7fd5706baac0       Options.rate_limit_delay_max_milliseconds: 100
2023/01/21-21:13:43.176276 7fd5706baac0                Options.disable_auto_compactions: 1
2023/01/21-21:13:43.176276 7fd5706baac0                        Options.compaction_style: kCompactionStyleLevel
2023/01/21-21:13:43.176277 7fd5706baac0                          Options.compaction_pri: kMinOverlappingRatio
2023/01/21-21:13:43.176277 7fd5706baac0 Options.compaction_options_universal.size_ratio: 1
2023/01/21-21:13:43.176278 7fd5706baac0 Options.compaction_options_universal.min_merge_width: 2
2023/01/21-21:13:43.176278 7fd5706baac0 Options.compaction_options_universal.max_merge_width: 4294967295
2023/01/21-21:13:43.176278 7fd5706baac0 Options.compaction_options_universal.max_size_amplification_percent: 200
2023/01/21-21:13:43.176279 7fd5706baac0 Options.compaction_options_universal.compression_size_percent: -1
2023/01/21-21:13:43.176279 7fd5706baac0 Options.compaction_options_universal.stop_style: kCompactionStopStyleTotalSize
2023/01/21-21:13:43.176280 7fd5706baac0 Options.compaction_options_fifo.max_table_files_size: 1073741824
2023/01/21-21:13:43.176280 7fd5706baac0 Options.compaction_options_fifo.allow_compaction: 0
2023/01/21-21:13:43.176282 7fd5706baac0                   Options.table_properties_collectors: 
2023/01/21-21:13:43.176282 7fd5706baac0                   Options.inplace_update_support: 0
2023/01/21-21:13:43.176283 7fd5706baac0                 Options.inplace_update_num_locks: 10000
2023/01/21-21:13:43.176283 7fd5706baac0               Options.memtable_prefix_bloom_size_ratio: 0.000000
2023/01/21-21:13:43.176284 7fd5706baac0               Options.memtable_whole_key_filtering: 0
2023/01/21-21:13:43.176284 7fd5706baac0   Options.memtable_huge_page_size: 0
2023/01/21-21:13:43.176285 7fd5706baac0                           Options.bloom_locality: 0
2023/01/21-21:13:43.176285 7fd5706baac0                    Options.max_successive_merges: 0
2023/01/21-21:13:43.176286 7fd5706baac0                Options.optimize_filters_for_hits: 0
2023/01/21-21:13:43.176286 7fd5706baac0                Options.paranoid_file_checks: 0
2023/01/21-21:13:43.176286 7fd5706baac0                Options.force_consistency_checks: 1
2023/01/21-21:13:43.176287 7fd5706baac0                Options.report_bg_io_stats: 0
2023/01/21-21:13:43.176287 7fd5706baac0                               Options.ttl: 2592000
2023/01/21-21:13:43.176288 7fd5706baac0          Options.periodic_compaction_seconds: 2592000
2023/01/21-21:13:43.176288 7fd5706baac0                    Options.enable_blob_files: false
2023/01/21-21:13:43.176289 7fd5706baac0                        Options.min_blob_size: 0
2023/01/21-21:13:43.176289 7fd5706baac0                       Options.blob_file_size: 268435456
2023/01/21-21:13:43.176290 7fd5706baac0                Options.blob_compression_type: NoCompression
2023/01/21-21:13:43.176290 7fd5706baac0       Options.enable_blob_garbage_collection: false
2023/01/21-21:13:43.176290 7fd5706baac0   Options.blob_garbage_collection_age_cutoff: 0.250000
2023/01/21-21:13:43.176310 7fd5706baac0 [db/column_family.cc:595] --------------- Options for column family [NZ]:
2023/01/21-21:13:43.176310 7fd5706baac0               Options.comparator: leveldb.BytewiseComparator
2023/01/21-21:13:43.176314 7fd5706baac0           Options.merge_operator: None
2023/01/21-21:13:43.176315 7fd5706baac0        Options.compaction_filter: filter_outdated
2023/01/21-21:13:43.176315 7fd5706baac0        Options.compaction_filter_factory: None
2023/01/21-21:13:43.176315 7fd5706baac0  Options.sst_partitioner_factory: None
2023/01/21-21:13:43.176316 7fd5706baac0         Options.memtable_factory: SkipListFactory
2023/01/21-21:13:43.176316 7fd5706baac0            Options.table_factory: BlockBasedTable
2023/01/21-21:13:43.176324 7fd5706baac0            table_factory options:   flush_block_policy_factory: FlushBlockBySizePolicyFactory (0x55a3c8516b20)
  cache_index_and_filter_blocks: 0
  cache_index_and_filter_blocks_with_high_priority: 1
  pin_l0_filter_and_index_blocks_in_cache: 0
  pin_top_level_index_and_filter: 1
  index_type: 0
  data_block_index_type: 0
  index_shortening: 1
  data_block_hash_table_util_ratio: 0.750000
  hash_index_allow_collision: 1
  checksum: 1
  no_block_cache: 0
  block_cache: 0x55a3c851e4b0
  block_cache_name: LRUCache
  block_cache_options:
    capacity : 8388608
    num_shard_bits : 4
    strict_capacity_limit : 0
    memory_allocator : None
    high_pri_pool_ratio: 0.000
  block_cache_compressed: (nil)
  persistent_cache: (nil)
  block_size: 4096
  block_size_deviation: 10
  block_restart_interval: 16
  index_block_restart_interval: 1
  metadata_block_size: 4096
  partition_filters: 0
  use_delta_encoding: 1
  filter_policy: nullptr
  whole_key_filtering: 1
  verify_compression: 0
  read_amp_bytes_per_bit: 0
  format_version: 4
  enable_index_compression: 1
  block_align: 0
2023/01/21-21:13:43.176324 7fd5706baac0        Options.write_buffer_size: 67108864
2023/01/21-21:13:43.176325 7fd5706baac0  Options.max_write_buffer_number: 2
2023/01/21-21:13:43.176325 7fd5706baac0          Options.compression: NoCompression
2023/01/21-21:13:43.176325 7fd5706baac0                  Options.bottommost_compression: Disabled
2023/01/21-21:13:43.176326 7fd5706baac0       Options.prefix_extractor: nullptr
2023/01/21-21:13:43.176326 7fd5706baac0   Options.memtable_insert_with_hint_prefix_extractor: nullptr
2023/01/21-21:13:43.176327 7fd5706baac0             Options.num_levels: 7
2023/01/21-21:13:43.176327 7fd5706baac0        Options.min_write_buffer_number_to_merge: 1
2023/01/21-21:13:43.176327 7fd5706baac0     Options.max_write_buffer_number_to_maintain: 0
2023/01/21-21:13:43.176328 7fd5706baac0     Options.max_write_buffer_size_to_maintain: 0
2023/01/21-21:13:43.176328 7fd5706baac0            Options.bottommost_compression_opts.window_bits: -14
2023/01/21-21:13:43.176328 7fd5706baac0                  Options.bottommost_compression_opts.level: 32767
2023/01/21-21:13:43.176329 7fd5706baac0               Options.bottommost_compression_opts.strategy: 0
2023/01/21-21:13:43.176329 7fd5706baac0         Options.bottommost_compression_opts.max_dict_bytes: 0
